00.01 10
00.02 44
00.03 63
00.04 132
00.05 169
00.06 267
00.07 414
00.08 476
00.09 625
00.10 828
00.11 999
00.12 1081
00.13 1270
00.14 1547
00.15 1741
00.16 1954
00.17 2263
00.18 2573
00.19 2812
00.20 3090
00.21 3322
00.22 3722
00.23 3966
00.24 4458
00.25 4822
00.26 5214
00.27 5614
00.28 5990
00.29 6429
00.30 6878
00.31 7374
00.32 7784
00.33 8345
00.34 8767
00.35 9499
00.36 9786
00.37 10372
00.38 10812
00.39 11506
00.40 12222
00.41 12824
00.42 13363
00.43 14243
00.44 14596
00.45 15404
00.46 16016
00.47 16743
00.48 17532
00.49 18176
00.50 18858
00.51 20008
00.52 20324
00.53 21004
00.54 22061
00.55 22557
00.56 23418
00.57 24479
00.58 25449
00.59 26068
00.60 26961
00.61 27860
00.62 28912
00.63 29559
00.64 31036
00.65 31937
00.66 32347
00.67 33501
00.68 34527
00.69 35266
00.70 36859
00.71 37532
00.72 38379
00.73 39631
00.74 40710
00.75 41868
00.76 42835
00.77 43686
00.78 45169
00.79 46162
00.80 47571
00.81 48379
00.82 49638
00.83 50813
00.84 52287
00.85 53387
00.86 54453
00.87 55770
00.88 57049
00.89 58029
00.90 59463
00.91 60454
00.92 61966
00.93 63139
00.94 64297
00.95 587
00.96 2170
00.97 3285
00.98 4567
00.99 5786
01.00 7013
01.01 8835
01.02 10030
01.03 11581
01.04 12390
01.05 14599
01.06 15470
01.07 17176
01.08 19049
01.09 20390
01.10 21788
01.11 23616
01.12 25811
01.13 26398
01.14 27450
01.15 29141
01.16 31373
01.17 33403
01.18 34124
01.19 35559
01.20 38241
01.21 38800
01.22 41047
01.23 42852
01.24 43909
01.25 45407
01.26 47626
01.27 48784
01.28 51484
01.29 53419
01.30 55207
01.31 56101
01.32 59385
01.33 59494
01.34 61917
01.35 64168
01.36 196
01.37 1951
01.38 3764
01.39 5129
01.40 7210
01.41 9647
01.42 11130
01.43 13421
01.44 15140
01.45 17170
01.46 19436
01.47 20005
01.48 21724
01.49 23959
01.50 25772
01.51 28251
01.52 30057
01.53 32536
01.54 34328
01.55 36391
01.56 37707
01.57 40860
01.58 41993
01.59 44439
01.60 47889
01.61 49615
01.62 50816
01.63 53749
01.64 55913
01.65 57222
01.66 59828
01.67 61876
01.68 63665
01.69 145
01.70 2975
01.71 4828
01.72 8010
01.73 9230
01.74 10717
01.75 13764
01.76 16043
01.77 18231
01.78 20752
01.79 22318
01.80 24302
01.81 27227
01.82 29562
01.83 32401
01.84 33822
01.85 36757
01.86 38142
01.87 41945
01.88 43430
01.89 46634
01.90 48463
01.91 51132
01.92 52570
01.93 56019
01.94 58673
01.95 60444
01.96 63528
01.97 64927
01.98 2481
01.99 4358
02.00 7479
02.01 9543
02.02 12248
02.03 14561
02.04 17453
02.05 19272
02.06 21637
02.07 24161
02.08 27460
02.09 30518
02.10 32188
02.11 34435
02.12 38128
02.13 40038
02.14 42462
02.15 45302
02.16 47221
02.17 50754
02.18 54125
02.19 55895
02.20 58740
02.21 61016
02.22 64754
02.23 1150
02.24 3144
02.25 6439
02.26 8770
02.27 11307
02.28 15281
02.29 17878
02.30 19652
02.31 22176
02.32 25447
02.33 28659
02.34 30564
02.35 33105
02.36 37116
02.37 40826
02.38 42348
02.39 44704
02.40 47459
02.41 51975
02.42 53968
02.43 56849
02.44 59156
02.45 62780
02.46 685
02.47 1752
02.48 5897
02.49 8738
02.50 10731
02.51 14263
02.52 16414
02.53 20267
02.54 22487
02.55 25919
02.56 29279
02.57 30893
02.58 34228
02.59 37513
02.60 39371
02.61 44108
02.62 47353
02.63 49881
02.64 52074
02.65 54917
02.66 59682
02.67 62404
02.68 64656
02.69 2359
02.70 4766
02.71 8777
02.72 11600
02.73 14608
02.74 17461
02.75 21954
02.76 23474
02.77 25625
02.78 30885
02.79 32747
02.80 36055
02.81 37408
02.82 41460
02.83 45587
02.84 48713
02.85 51191
02.86 54835
02.87 57749
02.88 61197
02.89 65418
02.90 2153
02.91 5514
02.92 8949
02.93 12032
02.94 15621
02.95 18255
02.96 22132
02.97 25613
02.98 28615
02.99 32712
03.00 34005
03.01 38141
03.02 41394
03.03 43487
03.04 48291
03.05 51098
03.06 54808
03.07 58447
03.08 61426
03.09 63463
03.10 445
03.11 4685
03.12 6445
03.13 12591
03.14 14665
03.15 18767
03.16 23405
03.17 26040
03.18 28566
03.19 32919
03.20 33938
03.21 38895
03.22 41805
03.23 44846
03.24 49034
03.25 51851
03.26 53731
03.27 58648
03.28 63720
03.29 345
03.30 3852
03.31 7722
03.32 10634
03.33 13895
03.34 18199
03.35 20957
03.36 24674
03.37 27925
03.38 29259
03.39 34649
03.40 38668
03.41 41941
03.42 45992
03.43 49498
03.44 51766
03.45 55945
03.46 59148
03.47 63958
03.48 2421
03.49 4192
03.50 6315
03.51 10043
03.52 14041
03.53 18398
03.54 22665
03.55 25623
03.56 29788
03.57 32092
03.58 37263
03.59 40152
03.60 44188
03.61 46986
03.62 52143
03.63 55545
03.64 56778
03.65 62223
03.66 65041
03.67 4065
03.68 7423
03.69 10536
03.70 15451
03.71 17149
03.72 22530
03.73 25638
03.74 30151
03.75 33381
03.76 34926
03.77 40348
03.78 42303
03.79 48355
03.80 51196
03.81 55854
03.82 58750
03.83 63302
03.84 759
03.85 4251
03.86 8046
03.87 10704
03.88 14748
03.89 18751
03.90 23637
03.91 27735
03.92 30065
03.93 33216
03.94 36850
03.95 42154
03.96 43661
03.97 48289
03.98 53394
03.99 55538
04.00 59775
04.01 63751
04.02 2815
04.03 5820
04.04 10209
04.05 12950
04.06 20108
04.07 21257
04.08 24432
04.09 29639
04.10 30214
04.11 36601
04.12 42149
04.13 44210
04.14 48622
04.15 52510
04.16 56304
04.17 59650
04.18 63407
04.19 64339
04.20 4541
04.21 8683
04.22 13318
04.23 17294
04.24 20047
04.25 25352
04.26 27558
04.27 34311
04.28 34440
04.29 41327
04.30 44087
04.31 48282
04.32 53005
04.33 54702
04.34 58867
04.35 61179
04.36 1138
04.37 4248
04.38 10073
04.39 14008
04.40 18652
04.41 20402
04.42 25384
04.43 29278
04.44 34250
04.45 36210
04.46 39286
04.47 45049
04.48 49724
04.49 53345
04.50 54459
04.51 60273
04.52 64289
04.53 1671
04.54 7753
04.55 12239
04.56 16259
04.57 18322
04.58 21731
04.59 27001
04.60 30198
04.61 32492
04.62 37800
04.63 42668
04.64 47308
04.65 49057
04.66 52842
04.67 58205
04.68 64479
04.69 1148
04.70 3975
04.71 7514
04.72 12682
04.73 17187
04.74 20769
04.75 22893
04.76 29461
04.77 31791
04.78 36045
04.79 40742
04.80 44336
04.81 49335
04.82 50539
04.83 56900
04.84 60062
04.85 64072
04.86 2070
04.87 7002
04.88 10914
04.89 15161
04.90 18430
04.91 23725
04.92 26214
04.93 30759
04.94 31929
04.95 37876
04.96 43322
04.97 46383
04.98 51061
04.99 55715
05.00 57960
05.01 61399
05.02 1231
05.03 4364
05.04 8836
05.05 15273
05.06 16703
05.07 22528
05.08 25603
05.09 30518
05.10 35105
05.11 38823
05.12 42273
05.13 47003
05.14 51106
05.15 53722
05.16 58354
05.17 62308
05.18 65101
05.19 4002
05.20 9107
05.21 13213
05.22 17130
05.23 24617
05.24 26554
05.25 31469
05.26 32329
05.27 39902
05.28 43935
05.29 44890
05.30 48882
05.31 56867
05.32 57044
05.33 62145
05.34 64914
05.35 4736
05.36 6219
05.37 14551
05.38 18052
05.39 20286
05.40 23673
05.41 29503
05.42 35174
05.43 38445
05.44 41477
05.45 44916
05.46 49638
05.47 55792
05.48 56723
05.49 62672
05.50 940
05.51 4410
05.52 9314
05.53 12929
05.54 18131
05.55 22585
05.56 25181
05.57 26879
05.58 33870
05.59 36728
05.60 39900
05.61 45768
05.62 50278
05.63 54265
05.64 57072
05.65 64137
05.66 1489
05.67 4375
05.68 8119
05.69 13923
05.70 17371
05.71 20583
05.72 27166
05.73 28326
05.74 34827
05.75 40793
05.76 42035
05.77 48990
05.78 50904
05.79 52697
05.80 58201
05.81 62061
05.82 2640
05.83 3247
05.84 10991
05.85 12301
05.86 18360
05.87 22655
05.88 25579
05.89 30638
05.90 32705
05.91 38556
05.92 42118
05.93 48268
05.94 49068
05.95 54925
05.96 59152
05.97 60620
05.98 647
05.99 5809
06.00 11143
06.01 13310
06.02 20495
06.03 20995
06.04 26186
06.05 31490
06.06 36577
06.07 36803
06.08 41050
06.09 45677
06.10 47346
06.11 54546
06.12 58561
06.13 61378
06.14 944
06.15 5206
06.16 8146
06.17 10261
06.18 17328
06.19 20455
06.20 24245
06.21 30975
06.22 34389
06.23 38225
06.24 42144
06.25 48163
06.26 48313
06.27 54875
06.28 56875
06.29 63138
06.30 610
06.31 6062
06.32 9447
06.33 11423
06.34 18074
06.35 20992
06.36 23040
06.37 27165
06.38 33522
06.39 35512
06.40 41648
06.41 45984
06.42 50367
06.43 54056
06.44 56868
06.45 63016
06.46 65239
06.47 5875
06.48 7082
06.49 9576
06.50 16921
06.51 20011
06.52 22672
06.53 29974
06.54 31973
06.55 35948
06.56 38990
06.57 44362
06.58 49474
06.59 52389
06.60 57582
06.61 59189
06.62 987
06.63 629
06.64 7292
06.65 13667
06.66 15348
06.67 15918
06.68 22309
06.69 25896
06.70 35162
06.71 36056
06.72 37875
06.73 42812
06.74 50068
06.75 49232
06.76 57088
06.77 57636
06.78 62608
06.79 2352
06.80 3804
06.81 11409
06.82 14381
06.83 18664
06.84 22246
06.85 28381
06.86 31023
06.87 32421
06.88 37704
06.89 41360
06.90 44760
06.91 52573
06.92 53218
06.93 54871
06.94 61511
06.95 391
06.96 2580
06.97 8720
06.98 16672
06.99 14922
07.00 19677
07.01 25391
07.02 26378
07.03 34573
07.04 36020
07.05 42011
07.06 43442
07.07 47415
07.08 51332
07.09 53845
07.10 59688
07.11 64725
07.12 4015
07.13 5892
07.14 11800
07.15 14472
07.16 17720
07.17 23174
07.18 25567
07.19 29486
07.20 32192
07.21 37108
07.22 42654
07.23 45040
07.24 47753
07.25 52451
07.26 57961
07.27 58678
07.28 562
07.29 3273
07.30 6844
07.31 13138
07.32 16157
07.33 16586
07.34 22554
07.35 24299
07.36 30840
07.37 31985
07.38 38531
07.39 43012
07.40 46272
07.41 51843
07.42 52676
07.43 56529
07.44 62052
07.45 64909
07.46 3924
07.47 8164
07.48 11361
07.49 15127
07.50 18611
07.51 23911
07.52 23907
07.53 31833
07.54 34263
07.55 38444
07.56 40115
07.57 45769
07.58 46599
07.59 51015
07.60 54443
07.61 61123
07.62 65223
07.63 2730
07.64 6857
07.65 11313
07.66 12945
07.67 19211
07.68 20397
07.69 26328
07.70 33037
07.71 31868
07.72 38952
07.73 40929
07.74 42672
07.75 47548
07.76 51633
07.77 53058
07.78 57762
07.79 64967
07.80 65444
07.81 4705
07.82 6856
07.83 11276
07.84 15513
07.85 19608
07.86 24716
07.87 24768
07.88 28459
07.89 33365
07.90 38002
07.91 42317
07.92 44537
07.93 51048
07.94 54160
07.95 55652
07.96 60149
07.97 62654
07.98 63712
07.99 5135
08.00 7663
08.01 10189
08.02 15810
08.03 22070
08.04 25599
08.05 26761
08.06 31137
08.07 31583
08.08 37298
08.09 40105
08.10 43396
08.11 48663
08.12 53196
08.13 55538
08.14 57442
08.15 62942
08.16 2643
08.17 5237
08.18 8583
08.19 13121
08.20 16201
08.21 17997
08.22 23424
08.23 24156
08.24 29251
08.25 32063
08.26 36080
08.27 39741
08.28 42787
08.29 48034
08.30 50740
08.31 53347
08.32 58041
08.33 61848
08.34 62284
08.35 3523
08.36 7279
08.37 10162
08.38 11391
08.39 16168
08.40 17080
08.41 23420
08.42 28642
08.43 31307
08.44 34923
08.45 38174
08.46 39080
08.47 46145
08.48 48379
08.49 53378
08.50 56444
08.51 59587
08.52 61069
08.53 262
08.54 3847
08.55 6838
08.56 11651
08.57 12729
08.58 17193
08.59 22158
08.60 22413
08.61 27260
08.62 28875
08.63 33007
08.64 36355
08.65 41225
08.66 45182
08.67 51087
08.68 50093
08.69 52866
08.70 57295
08.71 60950
08.72 984
08.73 2098
08.74 5252
08.75 9754
08.76 13754
08.77 17151
08.78 17537
08.79 22073
08.80 26843
08.81 29701
08.82 30199
08.83 34693
08.84 37963
08.85 37399
08.86 45678
08.87 48715
08.88 51832
08.89 55132
08.90 59225
08.91 61299
08.92 64896
08.93 1528
08.94 6932
08.95 6779
08.96 15021
08.97 14622
08.98 19938
08.99 22961
09.00 27742
09.01 27368
09.02 34100
09.03 33704
09.04 37098
09.05 42334
09.06 45802
09.07 47897
09.08 51396
09.09 52647
09.10 60338
09.11 59779
09.12 63782
09.13 3579
09.14 2550
09.15 7274
09.16 9693
09.17 11292
09.18 15638
09.19 14576
09.20 24892
09.21 24026
09.22 31798
09.23 29459
09.24 34273
09.25 37060
09.26 43339
09.27 42908
09.28 48624
09.29 53290
09.30 52254
09.31 60509
09.32 58016
09.33 63004
09.34 810
09.35 5103
09.36 4343
09.37 6451
09.38 11914
09.39 15102
09.40 17257
09.41 21384
09.42 23625
09.43 23969
09.44 29833
09.45 32411
09.46 36145
09.47 39025
09.48 41917
09.49 44067
09.50 48287
09.51 49516
09.52 52153
09.53 53175
09.54 57831
09.55 61472
09.56 1731
09.57 2525
09.58 5620
09.59 6768
09.60 9947
09.61 11031
09.62 13845
09.63 23573
09.64 24114
09.65 25800
09.66 28938
09.67 30193
09.68 31535
09.69 38310
09.70 39641
09.71 40928
09.72 46946
09.73 47651
09.74 48045
09.75 53216
09.76 56970
09.77 57206
09.78 62730
09.79 62911
09.80 4516
09.81 3982
09.82 2200
09.83 10659
09.84 11125
09.85 14019
09.86 18897
09.87 19770
09.88 23353
09.89 26678
09.90 26313
09.91 35098
09.92 34823
09.93 38321
09.94 42013
09.95 44399
09.96 43234
09.97 46902
09.98 48991
09.99 52275
10.00 54257
10.01 62169
10.02 61269
10.03 64955
10.04 1471
10.05 3146
10.06 9426
10.07 9545
10.08 9807
10.09 15221
10.10 17779
10.11 16502
10.12 19421
10.13 24633
10.14 25267
10.15 30754
10.16 31903
10.17 32583
10.18 38822
10.19 40696
10.20 42662
10.21 48159
10.22 45143
10.23 51223
10.24 52897
10.25 55289
10.26 56240
10.27 62749
10.28 61715
10.29 63599
10.30 1159
10.31 5054
10.32 5482
10.33 8644
10.34 13421
10.35 12332
10.36 17275
10.37 15862
10.38 25195
10.39 24122
10.40 27582
10.41 29646
10.42 30195
10.43 33705
10.44 34295
10.45 38589
10.46 38628
10.47 42199
10.48 43810
10.49 42365
10.50 51649
10.51 50809
10.52 53579
10.53 58846
10.54 57150
10.55 60771
10.56 1613
10.57 60950
10.58 3168
10.59 7111
10.60 5567
10.61 8943
10.62 11156
10.63 13186
10.64 14252
10.65 21501
10.66 21573
10.67 21750
10.68 22253
10.69 26069
10.70 28981
10.71 29819
10.72 34784
10.73 34763
10.74 35429
10.75 39634
10.76 45565
10.77 46101
10.78 45246
10.79 46338
10.80 47402
10.81 53622
10.82 56075
10.83 58210
10.84 58666
10.85 62939
10.86 64294
10.87 65218
10.88 3015
10.89 5259
10.90 11329
10.91 8779
10.92 10157
10.93 8818
10.94 14464
10.95 15269
10.96 21014
10.97 19533
10.98 21610
10.99 28174
11.00 31384
11.01 26392
11.02 30194
11.03 34121
11.04 35973
11.05 37831
11.06 38953
11.07 40775
11.08 45071
11.09 45523
11.10 46472
11.11 50003
11.12 53737
11.13 52029
11.14 55461
11.15 51673
11.16 58103
11.17 60935
11.18 64371
11.19 64787
11.20 826
11.21 87
11.22 5937
11.23 6673
11.24 10030
11.25 5402
11.26 10113
11.27 13155
11.28 15041
11.29 16730
11.30 17216
11.31 19193
11.32 20439
11.33 25022
11.34 25324
11.35 26291
11.36 27859
11.37 27695
11.38 31984
11.39 35020
11.40 38912
11.41 33612
11.42 39171
11.43 40456
11.44 43524
11.45 43307
11.46 49326
11.47 46467
11.48 44876
11.49 49550
11.50 54970
11.51 54392
11.52 58685
11.53 57367
11.54 57036
11.55 59341
11.56 62559
11.57 789
11.58 139
11.59 787
11.60 3197
11.61 7523
11.62 3475
11.63 8259
11.64 8823
11.65 11035
11.66 15935
11.67 15067
11.68 14484
11.69 20855
11.70 17320
11.71 22391
11.72 18864
11.73 20128
11.74 22062
11.75 24992
11.76 30702
11.77 30819
11.78 33309
11.79 32199
11.80 32904
11.81 33664
11.82 37576
11.83 37065
11.84 40505
11.85 36462
11.86 41447
11.87 39957
11.88 41598
11.89 45485
11.90 49149
11.91 50247
11.92 49560
11.93 50823
11.94 48908
11.95 52710
11.96 50522
11.97 53301
11.98 54339
11.99 59802
12.00 55505
12.01 60060
12.02 61835
12.03 64680
12.04 64215
12.05 63968
12.06 64164
12.07 239
12.08 5485
12.09 7672
12.10 9119
12.11 6942
12.12 9084
12.13 9262
12.14 7271
12.15 7569
12.16 13265
12.17 14801
12.18 14181
12.19 15590
12.20 16889
12.21 19333
12.22 19675
12.23 23341
12.24 22510
12.25 25336
12.26 16979
12.27 24180
12.28 24915
12.29 22906
12.30 26794
12.31 29641
12.32 27781
12.33 31256
12.34 32122
12.35 30029
12.36 31847
12.37 34293
12.38 37219
12.39 35792
12.40 35754
12.41 38709
12.42 41287
12.43 37679
12.44 39496
12.45 41225
12.46 41806
12.47 42935
12.48 45676
12.49 43069
12.50 46455
12.51 46309
12.52 47012
12.53 50009
12.54 49158
12.55 49126
12.56 48820
12.57 50857
12.58 53434
12.59 52166
12.60 54210
12.61 58555
12.62 56863
12.63 56486
12.64 60811
12.65 60542
12.66 57779
12.67 60995
12.68 56082
12.69 58982
12.70 60414
12.71 63067
12.72 47
12.73 60993
12.74 61298
12.75 58583
12.76 157
12.77 5247
12.78 1485
12.79 1028
12.80 64445
12.81 3235
12.82 559
12.83 3804
12.84 5260
12.85 3739
12.86 1088
12.87 3775
12.88 6243
12.89 6358
12.90 8985
12.91 6179
12.92 9081
12.93 8027
12.94 8177
12.95 13093
12.96 10126
12.97 9504
12.98 11031
12.99 11402
13.00 7387
13.01 14566
13.02 14529
13.03 14316
13.04 14681
13.05 14610
13.06 16231
13.07 13073
13.08 15190
13.09 14172
13.10 15356
13.11 16714
13.12 15564
13.13 19547
13.14 16913
13.15 16725
13.16 18100
13.17 21099
13.18 17315
13.19 15251
13.20 22076
13.21 18294
13.22 19818
13.23 17625
13.24 20324
13.25 19205
13.26 21543
13.27 19590
13.28 20685
13.29 21196
13.30 21030
13.31 17037
13.32 25194
13.33 22822
13.34 20323
13.35 20734
13.36 21266
13.37 16716
13.38 23319
13.39 19020
13.40 22491
13.41 21276
13.42 22841
13.43 22330
13.44 22756
13.45 22633
13.46 23693
13.47 21988
13.48 22623
13.49 25408
13.50 22504
13.51 20287
13.52 22880
13.53 21952
13.54 24187
13.55 28122
13.56 20994
13.57 21740
13.58 21685
13.59 25574
13.60 21838
13.61 21370
13.62 20171
13.63 18963
13.64 20792
13.65 20088
13.66 23019
13.67 20227
13.68 21908
13.69 21840
13.70 21916
13.71 22669
13.72 16360
13.73 18561
13.74 24917
13.75 18634
13.76 17843
13.77 20147
13.78 21994
13.79 19480
13.80 20835
13.81 21001
13.82 21378
13.83 19830
13.84 18981
13.85 14648
13.86 18522
13.87 14612
13.88 18099
13.89 16205
13.90 14984
13.91 13867
13.92 14518
13.93 13018
13.94 14941
13.95 14943
13.96 13964
13.97 11899
13.98 12426
13.99 10245
14.00 10018
14.01 8289
14.02 10248
14.03 10791
14.04 8682
14.05 9366
14.06 12630
14.07 8251
14.08 6966
14.09 7446
14.10 4267
14.11 10467
14.12 6789
14.13 4300
14.14 3902
14.15 4207
14.16 6324
14.17 1758
14.18 997
14.19 4281
14.20 1389
14.21 65508
14.22 63533
14.23 2905
14.24 63184
14.25 62856
14.26 61931
14.27 60985
14.28 61461
14.29 61190
14.30 59896
14.31 57679
14.32 59312
14.33 58222
14.34 58307
14.35 56298
14.36 52231
14.37 57122
14.38 54943
14.39 53364
14.40 49075
14.41 51988
14.42 47933
14.43 50902
14.44 50409
14.45 48609
14.46 51165
14.47 43592
14.48 47632
14.49 47616
14.50 48111
14.51 43185
14.52 41649
14.53 42894
14.54 42786
14.55 41181
14.56 42040
14.57 36655
14.58 32416
14.59 36209
14.60 35903
14.61 37035
14.62 33718
14.63 34977
14.64 29872
14.65 31156
14.66 28777
14.67 25349
14.68 30500
14.69 27384
14.70 26153
14.71 25825
14.72 24752
14.73 23661
14.74 24658
14.75 19543
14.76 20778
14.77 17951
14.78 19275
14.79 15779
14.80 17441
14.81 11028
14.82 12427
14.83 11681
14.84 8930
14.85 9071
14.86 7834
14.87 9512
14.88 4957
14.89 4149
14.90 2012
14.91 3262
14.92 880
14.93 127
14.94 62016
14.95 62760
14.96 61703
14.97 57423
14.98 55470
14.99 59948
15.00 54245
15.01 49872
15.02 51584
15.03 50210
15.04 50784
15.05 46260
15.06 46401
15.07 45993
15.08 47039
15.09 44674
15.10 45252
15.11 43821
15.12 38150
15.13 42661
15.14 36419
15.15 34986
15.16 35562
15.17 31457
15.18 34512
15.19 27316
15.20 25659
15.21 26808
15.22 22809
15.23 24480
15.24 22655
15.25 16940
15.26 18328
15.27 13426
15.28 15086
15.29 13352
15.30 13779
15.31 10258
15.32 10169
15.33 8570
15.34 6582
15.35 7198
15.36 3814
15.37 2792
15.38 65339
15.39 63141
15.40 59578
15.41 57689
15.42 58197
15.43 54587
15.44 57506
15.45 54571
15.46 51080
15.47 52765
15.48 46524
15.49 47883
15.50 43651
15.51 41904
15.52 39023
15.53 39485
15.54 37572
15.55 35424
15.56 33980
15.57 30065
15.58 28716
15.59 28230
15.60 28523
15.61 24963
15.62 24429
15.63 20282
15.64 16521
15.65 19047
15.66 14783
15.67 9778
15.68 10477
15.69 6941
15.70 7279
15.71 5117
15.72 4713
15.73 5064
15.74 65402
15.75 62531
15.76 61910
15.77 58533
15.78 58879
15.79 51914
15.80 57844
15.81 52886
15.82 52326
15.83 50423
15.84 46406
15.85 41296
15.86 40402
15.87 39153
15.88 37556
15.89 31984
15.90 32746
15.91 31392
15.92 25868
15.93 24757
15.94 23308
15.95 22690
15.96 21901
15.97 13104
15.98 15155
15.99 13627
16.00 8807
16.01 10261
16.02 5245
16.03 7877
16.04 1825
16.05 1749
16.06 63080
16.07 60749
16.08 58863
16.09 54827
16.10 56721
16.11 54517
16.12 47149
16.13 48359
16.14 45814
16.15 42546
16.16 39882
16.17 38937
16.18 36050
16.19 34056
16.20 31346
16.21 28034
16.22 29667
16.23 21604
16.24 18221
16.25 21344
16.26 15866
16.27 13050
16.28 11864
16.29 9129
16.30 6337
16.31 5126
16.32 64737
16.33 1124
16.34 63318
16.35 61793
16.36 60782
16.37 56983
16.38 53119
16.39 47543
16.40 47732
16.41 44464
16.42 43774
16.43 38689
16.44 39967
16.45 33946
16.46 32066
16.47 29352
16.48 28014
16.49 25239
16.50 21339
16.51 13119
16.52 18407
16.53 14906
16.54 5936
16.55 8978
16.56 4437
16.57 1688
16.58 65503
16.59 62022
16.60 61600
16.61 59389
16.62 55565
16.63 53876
16.64 49338
16.65 48669
16.66 45468
16.67 43429
16.68 36892
16.69 34475
16.70 32341
16.71 26892
16.72 26430
16.73 26935
16.74 22384
16.75 16537
16.76 16264
16.77 12455
16.78 11263
16.79 3509
16.80 2787
16.81 363
16.82 62725
16.83 59510
16.84 59306
16.85 54723
16.86 51083
16.87 48997
16.88 43276
16.89 48125
16.90 44254
16.91 37248
16.92 32350
16.93 30699
16.94 26280
16.95 25306
16.96 21946
16.97 17845
16.98 14648
16.99 10423
17.00 12019
17.01 6357
17.02 4656
17.03 65404
17.04 60438
17.05 58362
17.06 54205
17.07 49747
17.08 52492
17.09 48833
17.10 45747
17.11 41083
17.12 36365
17.13 35694
17.14 33076
17.15 31140
17.16 23628
17.17 24759
17.18 16490
17.19 16429
17.20 12027
17.21 7735
17.22 6913
17.23 1942
17.24 65297
17.25 61377
17.26 55763
17.27 56678
17.28 52739
17.29 47515
17.30 45028
17.31 42230
17.32 38069
17.33 36672
17.34 32047
17.35 28431
17.36 25073
17.37 21931
17.38 18028
17.39 16030
17.40 10408
17.41 7525
17.42 4713
17.43 1337
17.44 60307
17.45 62638
17.46 57526
17.47 52877
17.48 48379
17.49 44325
17.50 41528
17.51 36244
17.52 36426
17.53 31398
17.54 30559
17.55 25463
17.56 22125
17.57 17754
17.58 13465
17.59 11186
17.60 4588
17.61 1841
17.62 62233
17.63 61629
17.64 54947
17.65 50430
17.66 49329
17.67 47917
17.68 40297
17.69 41022
17.70 37743
17.71 31131
17.72 28487
17.73 20747
17.74 21466
17.75 12692
17.76 12282
17.77 10831
17.78 5916
17.79 1699
17.80 65326
17.81 59158
17.82 55391
17.83 51672
17.84 47735
17.85 46292
17.86 39642
17.87 35848
17.88 29818
17.89 28328
17.90 25053
17.91 23134
17.92 17668
17.93 10683
17.94 9821
17.95 2977
17.96 1184
17.97 62781
17.98 58961
17.99 56094
18.00 52945
18.01 44747
18.02 43485
18.03 38923
18.04 37057
18.05 30777
18.06 26533
18.07 23492
18.08 19753
18.09 15478
18.10 12477
18.11 7301
18.12 6134
18.13 63468
18.14 59303
18.15 58517
18.16 54014
18.17 50409
18.18 45834
18.19 40234
18.20 38990
18.21 30548
18.22 29365
18.23 23767
18.24 23371
18.25 16176
18.26 9394
18.27 10048
18.28 6483
18.29 1205
18.30 56925
18.31 58559
18.32 53124
18.33 48188
18.34 42930
18.35 39069
18.36 31140
18.37 30500
18.38 27571
18.39 24653
18.40 15446
18.41 14011
18.42 9178
18.43 6394
18.44 2409
18.45 64833
18.46 59689
18.47 55557
18.48 47426
18.49 44202
18.50 38345
18.51 35933
18.52 34515
18.53 26200
18.54 20583
18.55 19604
18.56 13579
18.57 8847
18.58 6608
18.59 63506
18.60 59574
18.61 62084
18.62 52972
18.63 50101
18.64 45435
18.65 38816
18.66 36584
18.67 30868
18.68 25934
18.69 21322
18.70 17848
18.71 14362
18.72 6551
18.73 452
18.74 1557
18.75 60009
18.76 56620
18.77 52044
18.78 46954
18.79 40524
18.80 37713
18.81 32681
18.82 27609
18.83 24540
18.84 19044
18.85 15882
18.86 7502
18.87 4072
18.88 1387
18.89 64432
18.90 56755
18.91 52118
18.92 46852
18.93 42127
18.94 38325
18.95 34562
18.96 29386
18.97 20923
18.98 20103
18.99 14944
19.00 7836
19.01 4525
19.02 1829
19.03 62841
19.04 56014
19.05 52132
19.06 47612
19.07 44378
19.08 34866
19.09 30551
19.10 24948
19.11 20032
19.12 17906
19.13 14230
19.14 8947
19.15 1645
19.16 63408
19.17 61981
19.18 53842
19.19 53244
19.20 45141
19.21 41978
19.22 35003
19.23 28667
19.24 23287
19.25 20192
19.26 14322
19.27 11473
19.28 4830
19.29 64984
19.30 59635
19.31 54929
19.32 53085
19.33 45741
19.34 37966
19.35 34471
19.36 29192
19.37 27126
19.38 16580
19.39 17327
19.40 7378
19.41 3432
19.42 65326
19.43 61159
19.44 53608
19.45 51623
19.46 46893
19.47 38301
19.48 34336
19.49 29911
19.50 25828
19.51 18385
19.52 12120
19.53 8939
19.54 3294
19.55 62627
19.56 56067
19.57 53413
19.58 49592
19.59 42602
19.60 37270
19.61 33105
19.62 26893
19.63 22310
19.64 19419
19.65 13011
19.66 5737
19.67 64838
19.68 61005
19.69 57334
19.70 51211
19.71 47007
19.72 38270
19.73 32250
19.74 31884
19.75 26483
19.76 19388
19.77 13478
19.78 7454
19.79 385
19.80 62169
19.81 58244
19.82 55384
19.83 45906
19.84 40224
19.85 37994
19.86 31021
19.87 25784
19.88 19509
19.89 15877
19.90 7764
19.91 2403
19.92 62775
19.93 58135
19.94 55064
19.95 48415
19.96 40762
19.97 36943
19.98 30224
19.99 23893
20.00 19031
20.01 13665
20.02 9351
20.03 1570
20.04 63528
20.05 60414
20.06 52574
20.07 46604
20.08 40921
20.09 35093
20.10 31443
20.11 26498
20.12 20072
20.13 15620
20.14 10492
20.15 2212
20.16 62259
20.17 58445
20.18 52345
20.19 50781
20.20 42718
20.21 36323
20.22 30933
20.23 27129
20.24 23897
20.25 18313
20.26 10198
20.27 5949
20.28 3034
20.29 61585
20.30 58023
20.31 51780
20.32 47050
20.33 39337
20.34 37091
20.35 30671
20.36 26451
20.37 20305
20.38 16903
20.39 8797
20.40 5741
20.41 65182
20.42 59119
20.43 56567
20.44 50949
20.45 47042
20.46 42810
20.47 37418
20.48 32518
20.49 25677
20.50 24804
20.51 16943
20.52 10230
20.53 8028
20.54 1488
20.55 62501
20.56 56864
20.57 52219
20.58 49526
20.59 44085
20.60 39698
20.61 34843
20.62 27408
20.63 26652
20.64 20456
20.65 15626
20.66 8229
20.67 5107
20.68 64936
20.69 61883
20.70 58001
20.71 52394
20.72 48789
20.73 44738
20.74 39444
20.75 35941
20.76 28201
20.77 24895
20.78 21319
20.79 13390
20.80 12015
20.81 6592
20.82 64911
20.83 61265
20.84 58751
20.85 55056
20.86 49362
20.87 44401
20.88 39642
20.89 37624
20.90 30620
20.91 27961
20.92 19480
20.93 18326
20.94 15135
20.95 8984
20.96 4733
20.97 62466
20.98 63305
20.99 56095
21.00 53431
21.01 48180
21.02 42607
21.03 41477
21.04 34204
21.05 32662
21.06 25348
21.07 22589
21.08 15695
21.09 15816
21.10 10867
21.11 6393
21.12 1641
21.13 63236
21.14 59697
21.15 53474
21.16 50107
21.17 44990
21.18 40802
21.19 37866
21.20 33883
21.21 29115
21.22 24086
21.23 19659
21.24 15757
21.25 11750
21.26 9048
21.27 4884
21.28 563
21.29 62351
21.30 56079
21.31 53482
21.32 49203
21.33 45515
21.34 41099
21.35 37313
21.36 32876
21.37 28141
21.38 24934
21.39 20296
21.40 16579
21.41 13195
21.42 11036
21.43 6465
21.44 2333
21.45 64679
21.46 57965
21.47 55650
21.48 51121
21.49 45961
21.50 44350
21.51 38001
21.52 36739
21.53 31911
21.54 27463
21.55 23507
21.56 20865
21.57 14164
21.58 11311
21.59 9285
21.60 3223
21.61 1957
21.62 62520
21.63 58183
21.64 55537
21.65 51856
21.66 48775
21.67 43886
21.68 39704
21.69 36210
21.70 32425
21.71 30139
21.72 25994
21.73 22800
21.74 19118
21.75 15829
21.76 11105
21.77 7892
21.78 5600
21.79 443
21.80 64353
21.81 57371
21.82 55142
21.83 52108
21.84 48863
21.85 44755
21.86 39901
21.87 36378
21.88 33449
21.89 30805
21.90 27530
21.91 23489
21.92 19402
21.93 16394
21.94 12721
21.95 7852
21.96 6484
21.97 876
21.98 64427
21.99 59136
22.00 56634
22.01 55432
22.02 51262
22.03 47555
22.04 45096
22.05 38905
22.06 36262
22.07 34299
22.08 30248
22.09 27447
22.10 23493
22.11 21216
22.12 16708
22.13 13159
22.14 11106
22.15 7716
22.16 4363
22.17 284
22.18 64215
22.19 60388
22.20 54248
22.21 52302
22.22 49575
22.23 45578
22.24 43595
22.25 38489
22.26 36575
22.27 31947
22.28 31083
22.29 27437
22.30 23057
22.31 21567
22.32 18453
22.33 14786
22.34 9949
22.35 8912
22.36 3402
22.37 587
22.38 65215
22.39 59821
22.40 56709
22.41 54720
22.42 51710
22.43 49890
22.44 45547
22.45 44288
22.46 39672
22.47 36630
22.48 33269
22.49 31223
22.50 28645
22.51 23407
22.52 20627
22.53 20065
22.54 16364
22.55 12598
22.56 10359
22.57 6879
22.58 2236
22.59 1190
22.60 63069
22.61 60699
22.62 56743
22.63 54834
22.64 51430
22.65 49110
22.66 45692
22.67 43745
22.68 40275
22.69 37454
22.70 35386
22.71 32830
22.72 29996
22.73 26123
22.74 24681
22.75 19462
22.76 16666
22.77 15069
22.78 11659
22.79 10546
22.80 7198
22.81 3501
22.82 1490
22.83 63142
22.84 61462
22.85 58684
22.86 55258
22.87 51240
22.88 51266
22.89 47545
22.90 43653
22.91 42164
22.92 37838
22.93 33968
22.94 33654
22.95 31010
22.96 28613
22.97 26716
22.98 23291
22.99 20801
23.00 18607
23.01 16029
23.02 13915
23.03 11364
23.04 6652
23.05 5153
23.06 1408
23.07 64117
23.08 61371
23.09 59770
23.10 56851
23.11 55350
23.12 52919
23.13 50110
23.14 48857
23.15 43978
23.16 43319
23.17 40424
23.18 38294
23.19 35438
23.20 31543
23.21 30604
23.22 28405
23.23 25664
23.24 21883
23.25 21945
23.26 19034
23.27 15421
23.28 13725
23.29 11326
23.30 9007
23.31 6223
23.32 2976
23.33 274
23.34 64563
23.35 61604
23.36 60429
23.37 57380
23.38 55306
23.39 53203
23.40 50709
23.41 48447
23.42 45720
23.43 42821
23.44 40899
23.45 38980
23.46 36042
23.47 35470
23.48 33292
23.49 29194
23.50 26730
23.51 24788
23.52 22940
23.53 21565
23.54 19768
23.55 16425
23.56 14443
23.57 11175
23.58 10482
23.59 7420
23.60 5834
23.61 3789
23.62 1837
23.63 64359
23.64 62827
23.65 60026
23.66 58227
23.67 56745
23.68 54375
23.69 51793
23.70 49654
23.71 46654
23.72 43874
23.73 44063
23.74 41837
23.75 38718
23.76 37262
23.77 35361
23.78 31905
23.79 31211
23.80 28483
23.81 26438
23.82 25277
23.83 22211
23.84 21321
23.85 18894
23.86 16339
23.87 14531
23.88 12648
23.89 10673
23.90 8244
23.91 5701
23.92 4362
23.93 2734
23.94 1389
23.95 26
23.96 63486
23.97 60726
23.98 58859
23.99 56187
24.00 55389
24.01 52264
24.02 50578
24.03 50696
24.04 47537
24.05 45211
24.06 43257
24.07 41091
24.08 40217
24.09 37545
24.10 37146
24.11 33956
24.12 31793
24.13 30202
24.14 28923
24.15 27405
24.16 25711
24.17 23778
24.18 21659
24.19 20433
24.20 18072
24.21 15854
24.22 14721
24.23 13179
24.24 10562
24.25 9563
24.26 7983
24.27 7011
24.28 3122
24.29 2779
24.30 348
24.31 64322
24.32 62948
24.33 61301
24.34 58615
24.35 57896
24.36 55899
24.37 54952
24.38 51860
24.39 51904
24.40 48179
24.41 48757
24.42 45506
24.43 44800
24.44 42797
24.45 40951
24.46 39325
24.47 36926
24.48 35926
24.49 35194
24.50 33765
24.51 31609
24.52 31055
24.53 28574
24.54 27562
24.55 25380
24.56 24055
24.57 21960
24.58 19762
24.59 19144
24.60 17821
24.61 16249
24.62 14304
24.63 13465
24.64 11580
24.65 9333
24.66 8567
24.67 7492
24.68 5400
24.69 3871
24.70 2755
24.71 1018
24.72 384
24.73 63111
24.74 62699
24.75 60660
24.76 59221
24.77 57806
24.78 56755
24.79 54924
24.80 53440
24.81 52053
24.82 50907
24.83 49526
24.84 48161
24.85 47205
24.86 45080
24.87 43816
24.88 43042
24.89 40978
24.90 39098
24.91 39045
24.92 36819
24.93 35445
24.94 34580
24.95 33681
24.96 31611
24.97 31326
24.98 29364
24.99 27165
25.00 26521
25.01 25215
25.02 23971
25.03 22841
25.04 21119
25.05 19969
25.06 18400
25.07 17290
25.08 15094
25.09 15244
25.10 13887
25.11 12818
25.12 11178
25.13 9864
25.14 9263
25.15 8105
25.16 6073
25.17 5265
25.18 3669
25.19 2827
25.20 1718
25.21 65398
25.22 64777
25.23 64519
25.24 62219
25.25 61452
25.26 60089
25.27 60015
25.28 57835
25.29 57078
25.30 54398
25.31 54228
25.32 53165
25.33 52084
25.34 50157
25.35 49531
25.36 48259
25.37 47470
25.38 45927
25.39 45401
25.40 44373
25.41 43246
25.42 41532
25.43 40022
25.44 39788
25.45 38954
25.46 38089
25.47 37205
25.48 35986
25.49 35184
25.50 33859
25.51 32456
25.52 31395
25.53 30961
25.54 29797
25.55 28481
25.56 27503
25.57 26765
25.58 25078
25.59 24580
25.60 23618
25.61 22771
25.62 21484
25.63 20107
25.64 20367
25.65 18073
25.66 17594
25.67 16614
25.68 16006
25.69 14412
25.70 13844
25.71 12894
25.72 11853
25.73 11181
25.74 10170
25.75 9044
25.76 8493
25.77 7181
25.78 6055
25.79 5766
25.80 4276
25.81 3375
25.82 2874
25.83 1781
25.84 581
25.85 65286
25.86 64128
25.87 63647
25.88 63564
25.89 62449
25.90 61263
25.91 60636
25.92 59141
25.93 58773
25.94 58031
25.95 57083
25.96 56175
25.97 55426
25.98 55693
25.99 54410
26.00 52597
26.01 52755
26.02 51754
26.03 49719
26.04 49335
26.05 48738
26.06 48488
26.07 46964
26.08 46324
26.09 45555
26.10 44928
26.11 44671
26.12 43821
26.13 42953
26.14 41886
26.15 40972
26.16 40224
26.17 39148
26.18 38841
26.19 38310
26.20 37643
26.21 36886
26.22 35896
26.23 36006
26.24 34546
26.25 33925
26.26 32663
26.27 32572
26.28 31892
26.29 30645
26.30 30288
26.31 29669
26.32 28793
26.33 28306
26.34 27189
26.35 26955
26.36 26427
26.37 25521
26.38 25014
26.39 24938
26.40 24176
26.41 22688
26.42 22430
26.43 21687
26.44 21070
26.45 20707
26.46 19664
26.47 18859
26.48 19055
26.49 17942
26.50 17328
26.51 16666
26.52 15864
26.53 15282
26.54 14669
26.55 14394
26.56 14108
26.57 13125
26.58 12385
26.59 11917
26.60 10986
26.61 10734
26.62 10160
26.63 9866
26.64 8837
26.65 8141
26.66 7997
26.67 7084
26.68 7173
26.69 6681
26.70 5475
26.71 4889
26.72 4686
26.73 4169
26.74 3471
26.75 2914
26.76 2169
26.77 1769
26.78 1433
26.79 250
26.80 387
26.81 65261
26.82 64913
26.83 64278
26.84 63854
26.85 63099
26.86 62915
26.87 62506
26.88 61814
26.89 61689
26.90 61526
26.91 60014
26.92 60261
26.93 59594
26.94 58952
26.95 58396
26.96 58094
26.97 57729
26.98 56758
26.99 56684
27.00 56169
27.01 55734
27.02 55274
27.03 55390
27.04 54347
27.05 54173
27.06 53302
27.07 53184
27.08 52597
27.09 52315
27.10 51866
27.11 51888
27.12 51326
27.13 50783
27.14 50392
27.15 50124
27.16 49508
27.17 49207
27.18 48602
27.19 48424
27.20 48113
27.21 47450
27.22 47455
27.23 46848
27.24 46299
27.25 46283
27.26 45827
27.27 45479
27.28 45183
27.29 45015
27.30 44168
27.31 43703
27.32 42854
27.33 43159
27.34 42270
27.35 42539
27.36 41912
27.37 41603
27.38 41510
27.39 41347
27.40 40800
27.41 39947
27.42 40411
27.43 39771
27.44 39346
27.45 39002
27.46 38462
27.47 38427
27.48 38279
27.49 37637
27.50 37552
27.51 37059
27.52 36731
27.53 36637
27.54 36279
27.55 35863
27.56 35375
27.57 35276
27.58 34685
27.59 34786
27.60 34243
27.61 33937
27.62 33761
27.63 33378
27.64 33055
27.65 32801
27.66 32894
27.67 32366
27.68 32323
27.69 31316
27.70 31716
27.71 31378
27.72 31210
27.73 30714
27.74 30368
27.75 30491
27.76 30013
27.77 29519
27.78 29664
27.79 29069
27.80 28822
27.81 28774
27.82 28178
27.83 28420
27.84 27751
27.85 27647
27.86 27148
27.87 27606
27.88 27412
27.89 27180
27.90 26429
27.91 26246
27.92 26017
27.93 25573
27.94 25505
27.95 25498
27.96 25183
27.97 24711
27.98 24901
27.99 24263
28.00 24498
28.01 23667
28.02 24144
28.03 23726
28.04 23658
28.05 23426
28.06 23289
28.07 23015
28.08 22661
28.09 22540
28.10 22313
28.11 22300
28.12 22002
28.13 21765
28.14 21347
28.15 21104
28.16 21252
28.17 20872
28.18 20651
28.19 20701
28.20 20344
28.21 20183
28.22 19882
28.23 19768
28.24 19587
28.25 19533
28.26 19395
28.27 19298
28.28 19027
28.29 19003
28.30 18684
28.31 18392
28.32 18330
28.33 17981
28.34 17964
28.35 17750
28.36 17443
28.37 17590
28.38 17444
28.39 17194
28.40 17185
28.41 16946
28.42 16798
28.43 16821
28.44 16437
28.45 16271
28.46 16263
28.47 16406
28.48 16003
28.49 15710
28.50 15632
28.51 15632
28.52 14919
28.53 15448
28.54 15145
28.55 15103
28.56 14743
28.57 14715
28.58 14395
28.59 14374
28.60 14418
28.61 14067
28.62 14019
28.63 13844
28.64 13425
28.65 13538
28.66 13317
28.67 13212
28.68 13067
28.69 13099
28.70 12841
28.71 12900
28.72 12686
28.73 12610
28.74 12437
28.75 12374
28.76 12158
28.77 12116
28.78 12038
28.79 11763
28.80 11995
28.81 11755
28.82 11570
28.83 11503
28.84 11363
28.85 11219
28.86 11151
28.87 10890
28.88 11109
28.89 10878
28.90 10801
28.91 10557
28.92 10546
28.93 10487
28.94 10176
28.95 10253
28.96 10098
28.97 10102
28.98 9905
28.99 9871
29.00 9675
29.01 9569
29.02 9456
29.03 9334
29.04 9368
29.05 9304
29.06 9075
29.07 9188
29.08 9104
29.09 8883
29.10 8841
29.11 8795
29.12 8717
29.13 8443
29.14 8411
29.15 8366
29.16 8438
29.17 8285
29.18 8128
29.19 8072
29.20 7944
29.21 7933
29.22 7637
29.23 7697
29.24 7604
29.25 7636
29.26 7433
29.27 7485
29.28 7607
29.29 7166
29.30 7233
29.31 7014
29.32 7180
29.33 7003
29.34 6984
29.35 6851
29.36 6766
29.37 6686
29.38 6716
29.39 6769
29.40 6463
29.41 6300
29.42 6543
29.43 6409
29.44 6259
29.45 6126
29.46 6146
29.47 5962
29.48 6102
29.49 5801
29.50 5932
29.51 5740
29.52 5662
29.53 5751
29.54 5546
29.55 5545
29.56 5574
29.57 5447
29.58 5277
29.59 5286
29.60 5323
29.61 5269
29.62 5317
29.63 5066
29.64 5024
29.65 4929
29.66 4827
29.67 4893
29.68 4846
29.69 4828
29.70 4587
29.71 4579
29.72 4488
29.73 4461
29.74 4512
29.75 4476
29.76 4474
29.77 4396
29.78 4281
29.79 4293
29.80 4352
29.81 4127
29.82 4143
29.83 4056
29.84 4016
29.85 4005
29.86 3895
29.87 3987
29.88 3861
29.89 3741
29.90 3870
29.91 3802
29.92 3731
29.93 3651
29.94 3658
29.95 3634
29.96 3573
29.97 3506
29.98 3399
29.99 3415
30.00 3336
30.01 3405
30.02 3216
30.03 3271
30.04 3211
30.05 3135
30.06 3051
30.07 3038
30.08 3027
30.09 3056
30.10 2930
30.11 2918
30.12 2861
30.13 2898
30.14 2811
30.15 2756
30.16 2779
30.17 2713
30.18 2733
30.19 2712
30.20 2772
30.21 2684
30.22 2584
30.23 2550
30.24 2471
30.25 2595
30.26 2450
30.27 2487
30.28 2427
30.29 2362
30.30 2258
30.31 2289
30.32 2273
30.33 2278
30.34 2219
30.35 2231
30.36 2099
30.37 2257
30.38 2060
30.39 2140
30.40 2044
30.41 2080
30.42 2014
30.43 2032
30.44 1976
30.45 1927
30.46 1923
30.47 1826
30.48 1827
30.49 1808
30.50 1822
30.51 1816
30.52 1780
30.53 1728
30.54 1768
30.55 1638
30.56 1629
30.57 1634
30.58 1520
30.59 1602
30.60 1552
30.61 1559
30.62 1514
30.63 1513
30.64 1481
30.65 1553
30.66 1479
30.67 1467
30.68 1450
30.69 1347
30.70 1395
30.71 1414
30.72 1392
30.73 1295
30.74 1312
30.75 1268
30.76 1309
30.77 1209
30.78 1196
30.79 1276
30.80 1211
30.81 1175
30.82 1182
30.83 1167
30.84 1138
30.85 1117
30.86 1103
30.87 1105
30.88 1060
30.89 986
30.90 1001
30.91 1029
30.92 1050
30.93 975
30.94 1001
30.95 920
30.96 976
30.97 947
30.98 951
30.99 875
31.00 892
31.01 854
31.02 891
31.03 873
31.04 851
31.05 827
31.06 806
31.07 765
31.08 816
31.09 830
31.10 805
31.11 820
31.12 720
31.13 738
31.14 758
31.15 728
31.16 702
31.17 759
31.18 685
31.19 686
31.20 658
31.21 676
31.22 691
31.23 654
31.24 630
31.25 627
31.26 603
31.27 600
31.28 602
31.29 565
31.30 545
31.31 512
31.32 533
31.33 537
31.34 562
31.35 540
31.36 568
31.37 511
31.38 515
31.39 470
31.40 475
31.41 430
31.42 456
31.43 481
31.44 440
31.45 458
31.46 428
31.47 402
31.48 430
31.49 432
31.50 426
31.51 437
31.52 404
31.53 401
31.54 408
31.55 374
31.56 349
31.57 344
31.58 396
31.59 367
31.60 346
31.61 326
31.62 355
31.63 296
31.64 312
31.65 280
31.66 298
31.67 315
31.68 299
31.69 301
31.70 299
31.71 273
31.72 269
31.73 265
31.74 262
31.75 251
31.76 238
31.77 230
31.78 230
31.79 219
31.80 242
31.81 218
31.82 227
31.83 231
31.84 229
31.85 190
31.86 220
31.87 216
31.88 188
31.89 207
31.90 210
31.91 208
31.92 190
31.93 168
31.94 176
31.95 196
31.96 192
31.97 183
31.98 169
31.99 134
32.00 160
32.01 160
32.02 163
32.03 161
32.04 157
32.05 149
32.06 127
32.07 157
32.08 110
32.09 119
32.10 111
32.11 124
32.12 123
32.13 123
32.14 107
32.15 104
32.16 113
32.17 83
32.18 107
32.19 99
32.20 84
32.21 88
32.22 98
32.23 77
32.24 77
32.25 86
32.26 89
32.27 90
32.28 89
32.29 75
32.30 68
32.31 78
32.32 85
32.33 62
32.34 63
32.35 80
32.36 65
32.37 64
32.38 64
32.39 69
32.40 70
32.41 69
32.42 55
32.43 54
32.44 68
32.45 66
32.46 58
32.47 59
32.48 49
32.49 56
32.50 58
32.51 53
32.52 39
32.53 51
32.54 38
32.55 52
32.56 51
32.57 42
32.58 48
32.59 47
32.60 53
32.61 34
32.62 31
32.63 42
32.64 39
32.65 25
32.66 26
32.67 29
32.68 41
32.69 31
32.70 42
32.71 28
32.72 31
32.73 28
32.74 28
32.75 34
32.76 27
32.77 29
32.78 27
32.79 22
32.80 22
32.81 21
32.82 21
32.83 16
32.84 17
32.85 15
32.86 23
32.87 21
32.88 19
32.89 17
32.90 16
32.91 9
32.92 22
32.93 20
32.94 11
32.95 13
32.96 7
32.97 22
32.98 12
32.99 14
33.00 7
33.01 13
33.02 12
33.03 7
33.04 11
33.05 4
33.06 14
33.07 12
33.08 7
33.09 7
33.10 4
33.11 8
33.12 9
33.13 4
33.14 3
33.15 14
33.16 8
33.17 9
33.18 8
33.19 9
33.20 5
33.21 5
33.22 9
33.23 8
33.24 3
33.25 8
33.26 3
33.27 2
33.28 5
33.29 3
33.30 5
33.31 1
33.32 5
33.33 7
33.34 7
33.35 8
33.36 3
33.37 2
33.38 1
33.39 3
33.40 4
33.41 2
33.42 2
33.43 2
33.45 5
33.46 1
33.48 3
33.49 2
33.50 1
33.51 1
33.52 3
33.53 1
33.54 1
33.55 1
33.58 1
33.59 1
33.62 3
33.63 1
33.64 2
33.65 4
33.67 1
33.68 3
33.69 3
33.78 1
33.82 1
33.84 1
33.87 1
33.93 1
34.15 1
