00.01 10
00.02 44
00.03 63
00.04 132
00.05 169
00.06 267
00.07 414
00.08 476
00.09 625
00.10 828
00.11 999
00.12 1081
00.13 1270
00.14 1547
00.15 1741
00.16 1954
00.17 2263
00.18 2573
00.19 2812
00.20 3090
00.21 3322
00.22 3722
00.23 3966
00.24 4458
00.25 4822
00.26 5214
00.27 5614
00.28 5990
00.29 6429
00.30 6878
00.31 7374
00.32 7784
00.33 8345
00.34 8767
00.35 9499
00.36 9786
00.37 10372
00.38 10812
00.39 11506
00.40 12222
00.41 12824
00.42 13363
00.43 14243
00.44 14596
00.45 15404
00.46 16016
00.47 16743
00.48 17532
00.49 18176
00.50 18858
00.51 20008
00.52 20324
00.53 21004
00.54 22061
00.55 22557
00.56 23418
00.57 24479
00.58 25449
00.59 26068
00.60 26961
00.61 27860
00.62 28912
00.63 29559
00.64 31036
00.65 31937
00.66 32347
00.67 33501
00.68 34527
00.69 35266
00.70 36859
00.71 37532
00.72 38379
00.73 39631
00.74 40710
00.75 41868
00.76 42835
00.77 43686
00.78 45169
00.79 46162
00.80 47571
00.81 48379
00.82 49638
00.83 50813
00.84 52287
00.85 53387
00.86 54453
00.87 55770
00.88 57049
00.89 58029
00.90 59463
00.91 60454
00.92 61966
00.93 63139
00.94 64297
00.95 66123
00.96 67706
00.97 68821
00.98 70103
00.99 71322
01.00 72549
01.01 74371
01.02 75566
01.03 77117
01.04 77926
01.05 80135
01.06 81006
01.07 82712
01.08 84585
01.09 85926
01.10 87324
01.11 89152
01.12 91347
01.13 91934
01.14 92986
01.15 94677
01.16 96909
01.17 98939
01.18 99660
01.19 101095
01.20 103777
01.21 104336
01.22 106583
01.23 108388
01.24 109445
01.25 110943
01.26 113162
01.27 114320
01.28 117020
01.29 118955
01.30 120743
01.31 121637
01.32 124921
01.33 125030
01.34 127453
01.35 129704
01.36 131268
01.37 133023
01.38 134836
01.39 136201
01.40 138282
01.41 140719
01.42 142202
01.43 144493
01.44 146212
01.45 148242
01.46 150508
01.47 151077
01.48 152796
01.49 155031
01.50 156844
01.51 159323
01.52 161129
01.53 163608
01.54 165400
01.55 167463
01.56 168779
01.57 171932
01.58 173065
01.59 175511
01.60 178961
01.61 180687
01.62 181888
01.63 184821
01.64 186985
01.65 188294
01.66 190900
01.67 192948
01.68 194737
01.69 196753
01.70 199583
01.71 201436
01.72 204618
01.73 205838
01.74 207325
01.75 210372
01.76 212651
01.77 214839
01.78 217360
01.79 218926
01.80 220910
01.81 223835
01.82 226170
01.83 229009
01.84 230430
01.85 233365
01.86 234750
01.87 238553
01.88 240038
01.89 243242
01.90 245071
01.91 247740
01.92 249178
01.93 252627
01.94 255281
01.95 257052
01.96 260136
01.97 261535
01.98 264625
01.99 266502
02.00 269623
02.01 271687
02.02 274392
02.03 276705
02.04 279597
02.05 281416
02.06 283781
02.07 286305
02.08 289604
02.09 292662
02.10 294332
02.11 296579
02.12 300272
02.13 302182
02.14 304606
02.15 307446
02.16 309365
02.17 312898
02.18 316269
02.19 318039
02.20 320884
02.21 323160
02.22 326898
02.23 328830
02.24 330824
02.25 334119
02.26 336450
02.27 338987
02.28 342961
02.29 345558
02.30 347332
02.31 349856
02.32 353127
02.33 356339
02.34 358244
02.35 360785
02.36 364796
02.37 368506
02.38 370028
02.39 372384
02.40 375139
02.41 379655
02.42 381648
02.43 384529
02.44 386836
02.45 390460
02.46 393901
02.47 394968
02.48 399113
02.49 401954
02.50 403947
02.51 407479
02.52 409630
02.53 413483
02.54 415703
02.55 419135
02.56 422495
02.57 424109
02.58 427444
02.59 430729
02.60 432587
02.61 437324
02.62 440569
02.63 443097
02.64 445290
02.65 448133
02.66 452898
02.67 455620
02.68 457872
02.69 461111
02.70 463518
02.71 467529
02.72 470352
02.73 473360
02.74 476213
02.75 480706
02.76 482226
02.77 484377
02.78 489637
02.79 491499
02.80 494807
02.81 496160
02.82 500212
02.83 504339
02.84 507465
02.85 509943
02.86 513587
02.87 516501
02.88 519949
02.89 524170
02.90 526441
02.91 529802
02.92 533237
02.93 536320
02.94 539909
02.95 542543
02.96 546420
02.97 549901
02.98 552903
02.99 557000
03.00 558293
03.01 562429
03.02 565682
03.03 567775
03.04 572579
03.05 575386
03.06 579096
03.07 582735
03.08 585714
03.09 587751
03.10 590269
03.11 594509
03.12 596269
03.13 602415
03.14 604489
03.15 608591
03.16 613229
03.17 615864
03.18 618390
03.19 622743
03.20 623762
03.21 628719
03.22 631629
03.23 634670
03.24 638858
03.25 641675
03.26 643555
03.27 648472
03.28 653544
03.29 655705
03.30 659212
03.31 663082
03.32 665994
03.33 669255
03.34 673559
03.35 676317
03.36 680034
03.37 683285
03.38 684619
03.39 690009
03.40 694028
03.41 697301
03.42 701352
03.43 704858
03.44 707126
03.45 711305
03.46 714508
03.47 719318
03.48 723317
03.49 725088
03.50 727211
03.51 730939
03.52 734937
03.53 739294
03.54 743561
03.55 746519
03.56 750684
03.57 752988
03.58 758159
03.59 761048
03.60 765084
03.61 767882
03.62 773039
03.63 776441
03.64 777674
03.65 783119
03.66 785937
03.67 790497
03.68 793855
03.69 796968
03.70 801883
03.71 803581
03.72 808962
03.73 812070
03.74 816583
03.75 819813
03.76 821358
03.77 826780
03.78 828735
03.79 834787
03.80 837628
03.81 842286
03.82 845182
03.83 849734
03.84 852727
03.85 856219
03.86 860014
03.87 862672
03.88 866716
03.89 870719
03.90 875605
03.91 879703
03.92 882033
03.93 885184
03.94 888818
03.95 894122
03.96 895629
03.97 900257
03.98 905362
03.99 907506
04.00 911743
04.01 915719
04.02 920319
04.03 923324
04.04 927713
04.05 930454
04.06 937612
04.07 938761
04.08 941936
04.09 947143
04.10 947718
04.11 954105
04.12 959653
04.13 961714
04.14 966126
04.15 970014
04.16 973808
04.17 977154
04.18 980911
04.19 981843
04.20 987581
04.21 991723
04.22 996358
04.23 1000334
04.24 1003087
04.25 1008392
04.26 1010598
04.27 1017351
04.28 1017480
04.29 1024367
04.30 1027127
04.31 1031322
04.32 1036045
04.33 1037742
04.34 1041907
04.35 1044219
04.36 1049714
04.37 1052824
04.38 1058649
04.39 1062584
04.40 1067228
04.41 1068978
04.42 1073960
04.43 1077854
04.44 1082826
04.45 1084786
04.46 1087862
04.47 1093625
04.48 1098300
04.49 1101921
04.50 1103035
04.51 1108849
04.52 1112865
04.53 1115783
04.54 1121865
04.55 1126351
04.56 1130371
04.57 1132434
04.58 1135843
04.59 1141113
04.60 1144310
04.61 1146604
04.62 1151912
04.63 1156780
04.64 1161420
04.65 1163169
04.66 1166954
04.67 1172317
04.68 1178591
04.69 1180796
04.70 1183623
04.71 1187162
04.72 1192330
04.73 1196835
04.74 1200417
04.75 1202541
04.76 1209109
04.77 1211439
04.78 1215693
04.79 1220390
04.80 1223984
04.81 1228983
04.82 1230187
04.83 1236548
04.84 1239710
04.85 1243720
04.86 1247254
04.87 1252186
04.88 1256098
04.89 1260345
04.90 1263614
04.91 1268909
04.92 1271398
04.93 1275943
04.94 1277113
04.95 1283060
04.96 1288506
04.97 1291567
04.98 1296245
04.99 1300899
05.00 1303144
05.01 1306583
05.02 1311951
05.03 1315084
05.04 1319556
05.05 1325993
05.06 1327423
05.07 1333248
05.08 1336323
05.09 1341238
05.10 1345825
05.11 1349543
05.12 1352993
05.13 1357723
05.14 1361826
05.15 1364442
05.16 1369074
05.17 1373028
05.18 1375821
05.19 1380258
05.20 1385363
05.21 1389469
05.22 1393386
05.23 1400873
05.24 1402810
05.25 1407725
05.26 1408585
05.27 1416158
05.28 1420191
05.29 1421146
05.30 1425138
05.31 1433123
05.32 1433300
05.33 1438401
05.34 1441170
05.35 1446528
05.36 1448011
05.37 1456343
05.38 1459844
05.39 1462078
05.40 1465465
05.41 1471295
05.42 1476966
05.43 1480237
05.44 1483269
05.45 1486708
05.46 1491430
05.47 1497584
05.48 1498515
05.49 1504464
05.50 1508268
05.51 1511738
05.52 1516642
05.53 1520257
05.54 1525459
05.55 1529913
05.56 1532509
05.57 1534207
05.58 1541198
05.59 1544056
05.60 1547228
05.61 1553096
05.62 1557606
05.63 1561593
05.64 1564400
05.65 1571465
05.66 1574353
05.67 1577239
05.68 1580983
05.69 1586787
05.70 1590235
05.71 1593447
05.72 1600030
05.73 1601190
05.74 1607691
05.75 1613657
05.76 1614899
05.77 1621854
05.78 1623768
05.79 1625561
05.80 1631065
05.81 1634925
05.82 1641040
05.83 1641647
05.84 1649391
05.85 1650701
05.86 1656760
05.87 1661055
05.88 1663979
05.89 1669038
05.90 1671105
05.91 1676956
05.92 1680518
05.93 1686668
05.94 1687468
05.95 1693325
05.96 1697552
05.97 1699020
05.98 1704583
05.99 1709745
06.00 1715079
06.01 1717246
06.02 1724431
06.03 1724931
06.04 1730122
06.05 1735426
06.06 1740513
06.07 1740739
06.08 1744986
06.09 1749613
06.10 1751282
06.11 1758482
06.12 1762497
06.13 1765314
06.14 1770416
06.15 1774678
06.16 1777618
06.17 1779733
06.18 1786800
06.19 1789927
06.20 1793717
06.21 1800447
06.22 1803861
06.23 1807697
06.24 1811616
06.25 1817635
06.26 1817785
06.27 1824347
06.28 1826347
06.29 1832610
06.30 1835618
06.31 1841070
06.32 1844455
06.33 1846431
06.34 1853082
06.35 1856000
06.36 1858048
06.37 1862173
06.38 1868530
06.39 1870520
06.40 1876656
06.41 1880992
06.42 1885375
06.43 1889064
06.44 1891876
06.45 1898024
06.46 1900247
06.47 1906419
06.48 1907626
06.49 1910120
06.50 1917465
06.51 1920555
06.52 1923216
06.53 1930518
06.54 1932517
06.55 1936492
06.56 1939534
06.57 1944906
06.58 1950018
06.59 1952933
06.60 1958126
06.61 1959733
06.62 1967067
06.63 1966709
06.64 1973372
06.65 1979747
06.66 1981428
06.67 1981998
06.68 1988389
06.69 1991976
06.70 2001242
06.71 2002136
06.72 2003955
06.73 2008892
06.74 2016148
06.75 2015312
06.76 2023168
06.77 2023716
06.78 2028688
06.79 2033968
06.80 2035420
06.81 2043025
06.82 2045997
06.83 2050280
06.84 2053862
06.85 2059997
06.86 2062639
06.87 2064037
06.88 2069320
06.89 2072976
06.90 2076376
06.91 2084189
06.92 2084834
06.93 2086487
06.94 2093127
06.95 2097543
06.96 2099732
06.97 2105872
06.98 2113824
06.99 2112074
07.00 2116829
07.01 2122543
07.02 2123530
07.03 2131725
07.04 2133172
07.05 2139163
07.06 2140594
07.07 2144567
07.08 2148484
07.09 2150997
07.10 2156840
07.11 2161877
07.12 2166703
07.13 2168580
07.14 2174488
07.15 2177160
07.16 2180408
07.17 2185862
07.18 2188255
07.19 2192174
07.20 2194880
07.21 2199796
07.22 2205342
07.23 2207728
07.24 2210441
07.25 2215139
07.26 2220649
07.27 2221366
07.28 2228786
07.29 2231497
07.30 2235068
07.31 2241362
07.32 2244381
07.33 2244810
07.34 2250778
07.35 2252523
07.36 2259064
07.37 2260209
07.38 2266755
07.39 2271236
07.40 2274496
07.41 2280067
07.42 2280900
07.43 2284753
07.44 2290276
07.45 2293133
07.46 2297684
07.47 2301924
07.48 2305121
07.49 2308887
07.50 2312371
07.51 2317671
07.52 2317667
07.53 2325593
07.54 2328023
07.55 2332204
07.56 2333875
07.57 2339529
07.58 2340359
07.59 2344775
07.60 2348203
07.61 2354883
07.62 2358983
07.63 2362026
07.64 2366153
07.65 2370609
07.66 2372241
07.67 2378507
07.68 2379693
07.69 2385624
07.70 2392333
07.71 2391164
07.72 2398248
07.73 2400225
07.74 2401968
07.75 2406844
07.76 2410929
07.77 2412354
07.78 2417058
07.79 2424263
07.80 2424740
07.81 2429537
07.82 2431688
07.83 2436108
07.84 2440345
07.85 2444440
07.86 2449548
07.87 2449600
07.88 2453291
07.89 2458197
07.90 2462834
07.91 2467149
07.92 2469369
07.93 2475880
07.94 2478992
07.95 2480484
07.96 2484981
07.97 2487486
07.98 2488544
07.99 2495503
08.00 2498031
08.01 2500557
08.02 2506178
08.03 2512438
08.04 2515967
08.05 2517129
08.06 2521505
08.07 2521951
08.08 2527666
08.09 2530473
08.10 2533764
08.11 2539031
08.12 2543564
08.13 2545906
08.14 2547810
08.15 2553310
08.16 2558547
08.17 2561141
08.18 2564487
08.19 2569025
08.20 2572105
08.21 2573901
08.22 2579328
08.23 2580060
08.24 2585155
08.25 2587967
08.26 2591984
08.27 2595645
08.28 2598691
08.29 2603938
08.30 2606644
08.31 2609251
08.32 2613945
08.33 2617752
08.34 2618188
08.35 2624963
08.36 2628719
08.37 2631602
08.38 2632831
08.39 2637608
08.40 2638520
08.41 2644860
08.42 2650082
08.43 2652747
08.44 2656363
08.45 2659614
08.46 2660520
08.47 2667585
08.48 2669819
08.49 2674818
08.50 2677884
08.51 2681027
08.52 2682509
08.53 2687238
08.54 2690823
08.55 2693814
08.56 2698627
08.57 2699705
08.58 2704169
08.59 2709134
08.60 2709389
08.61 2714236
08.62 2715851
08.63 2719983
08.64 2723331
08.65 2728201
08.66 2732158
08.67 2738063
08.68 2737069
08.69 2739842
08.70 2744271
08.71 2747926
08.72 2753496
08.73 2754610
08.74 2757764
08.75 2762266
08.76 2766266
08.77 2769663
08.78 2770049
08.79 2774585
08.80 2779355
08.81 2782213
08.82 2782711
08.83 2787205
08.84 2790475
08.85 2789911
08.86 2798190
08.87 2801227
08.88 2804344
08.89 2807644
08.90 2811737
08.91 2813811
08.92 2817408
08.93 2819576
08.94 2824980
08.95 2824827
08.96 2833069
08.97 2832670
08.98 2837986
08.99 2841009
09.00 2845790
09.01 2845416
09.02 2852148
09.03 2851752
09.04 2855146
09.05 2860382
09.06 2863850
09.07 2865945
09.08 2869444
09.09 2870695
09.10 2878386
09.11 2877827
09.12 2881830
09.13 2887163
09.14 2886134
09.15 2890858
09.16 2893277
09.17 2894876
09.18 2899222
09.19 2898160
09.20 2908476
09.21 2907610
09.22 2915382
09.23 2913043
09.24 2917857
09.25 2920644
09.26 2926923
09.27 2926492
09.28 2932208
09.29 2936874
09.30 2935838
09.31 2944093
09.32 2941600
09.33 2946588
09.34 2949930
09.35 2954223
09.36 2953463
09.37 2955571
09.38 2961034
09.39 2964222
09.40 2966377
09.41 2970504
09.42 2972745
09.43 2973089
09.44 2978953
09.45 2981531
09.46 2985265
09.47 2988145
09.48 2991037
09.49 2993187
09.50 2997407
09.51 2998636
09.52 3001273
09.53 3002295
09.54 3006951
09.55 3010592
09.56 3016387
09.57 3017181
09.58 3020276
09.59 3021424
09.60 3024603
09.61 3025687
09.62 3028501
09.63 3038229
09.64 3038770
09.65 3040456
09.66 3043594
09.67 3044849
09.68 3046191
09.69 3052966
09.70 3054297
09.71 3055584
09.72 3061602
09.73 3062307
09.74 3062701
09.75 3067872
09.76 3071626
09.77 3071862
09.78 3077386
09.79 3077567
09.80 3084708
09.81 3084174
09.82 3082392
09.83 3090851
09.84 3091317
09.85 3094211
09.86 3099089
09.87 3099962
09.88 3103545
09.89 3106870
09.90 3106505
09.91 3115290
09.92 3115015
09.93 3118513
09.94 3122205
09.95 3124591
09.96 3123426
09.97 3127094
09.98 3129183
09.99 3132467
10.00 3134449
10.01 3142361
10.02 3141461
10.03 3145147
10.04 3147199
10.05 3148874
10.06 3155154
10.07 3155273
10.08 3155535
10.09 3160949
10.10 3163507
10.11 3162230
10.12 3165149
10.13 3170361
10.14 3170995
10.15 3176482
10.16 3177631
10.17 3178311
10.18 3184550
10.19 3186424
10.20 3188390
10.21 3193887
10.22 3190871
10.23 3196951
10.24 3198625
10.25 3201017
10.26 3201968
10.27 3208477
10.28 3207443
10.29 3209327
10.30 3212423
10.31 3216318
10.32 3216746
10.33 3219908
10.34 3224685
10.35 3223596
10.36 3228539
10.37 3227126
10.38 3236459
10.39 3235386
10.40 3238846
10.41 3240910
10.42 3241459
10.43 3244969
10.44 3245559
10.45 3249853
10.46 3249892
10.47 3253463
10.48 3255074
10.49 3253629
10.50 3262913
10.51 3262073
10.52 3264843
10.53 3270110
10.54 3268414
10.55 3272035
10.56 3278413
10.57 3272214
10.58 3279968
10.59 3283911
10.60 3282367
10.61 3285743
10.62 3287956
10.63 3289986
10.64 3291052
10.65 3298301
10.66 3298373
10.67 3298550
10.68 3299053
10.69 3302869
10.70 3305781
10.71 3306619
10.72 3311584
10.73 3311563
10.74 3312229
10.75 3316434
10.76 3322365
10.77 3322901
10.78 3322046
10.79 3323138
10.80 3324202
10.81 3330422
10.82 3332875
10.83 3335010
10.84 3335466
10.85 3339739
10.86 3341094
10.87 3342018
10.88 3345351
10.89 3347595
10.90 3353665
10.91 3351115
10.92 3352493
10.93 3351154
10.94 3356800
10.95 3357605
10.96 3363350
10.97 3361869
10.98 3363946
10.99 3370510
11.00 3373720
11.01 3368728
11.02 3372530
11.03 3376457
11.04 3378309
11.05 3380167
11.06 3381289
11.07 3383111
11.08 3387407
11.09 3387859
11.10 3388808
11.11 3392339
11.12 3396073
11.13 3394365
11.14 3397797
11.15 3394009
11.16 3400439
11.17 3403271
11.18 3406707
11.19 3407123
11.20 3408698
11.21 3407959
11.22 3413809
11.23 3414545
11.24 3417902
11.25 3413274
11.26 3417985
11.27 3421027
11.28 3422913
11.29 3424602
11.30 3425088
11.31 3427065
11.32 3428311
11.33 3432894
11.34 3433196
11.35 3434163
11.36 3435731
11.37 3435567
11.38 3439856
11.39 3442892
11.40 3446784
11.41 3441484
11.42 3447043
11.43 3448328
11.44 3451396
11.45 3451179
11.46 3457198
11.47 3454339
11.48 3452748
11.49 3457422
11.50 3462842
11.51 3462264
11.52 3466557
11.53 3465239
11.54 3464908
11.55 3467213
11.56 3470431
11.57 3474197
11.58 3473547
11.59 3474195
11.60 3476605
11.61 3480931
11.62 3476883
11.63 3481667
11.64 3482231
11.65 3484443
11.66 3489343
11.67 3488475
11.68 3487892
11.69 3494263
11.70 3490728
11.71 3495799
11.72 3492272
11.73 3493536
11.74 3495470
11.75 3498400
11.76 3504110
11.77 3504227
11.78 3506717
11.79 3505607
11.80 3506312
11.81 3507072
11.82 3510984
11.83 3510473
11.84 3513913
11.85 3509870
11.86 3514855
11.87 3513365
11.88 3515006
11.89 3518893
11.90 3522557
11.91 3523655
11.92 3522968
11.93 3524231
11.94 3522316
11.95 3526118
11.96 3523930
11.97 3526709
11.98 3527747
11.99 3533210
12.00 3528913
12.01 3533468
12.02 3535243
12.03 3538088
12.04 3537623
12.05 3537376
12.06 3537572
12.07 3539183
12.08 3544429
12.09 3546616
12.10 3548063
12.11 3545886
12.12 3548028
12.13 3548206
12.14 3546215
12.15 3546513
12.16 3552209
12.17 3553745
12.18 3553125
12.19 3554534
12.20 3555833
12.21 3558277
12.22 3558619
12.23 3562285
12.24 3561454
12.25 3564280
12.26 3555923
12.27 3563124
12.28 3563859
12.29 3561850
12.30 3565738
12.31 3568585
12.32 3566725
12.33 3570200
12.34 3571066
12.35 3568973
12.36 3570791
12.37 3573237
12.38 3576163
12.39 3574736
12.40 3574698
12.41 3577653
12.42 3580231
12.43 3576623
12.44 3578440
12.45 3580169
12.46 3580750
12.47 3581879
12.48 3584620
12.49 3582013
12.50 3585399
12.51 3585253
12.52 3585956
12.53 3588953
12.54 3588102
12.55 3588070
12.56 3587764
12.57 3589801
12.58 3592378
12.59 3591110
12.60 3593154
12.61 3597499
12.62 3595807
12.63 3595430
12.64 3599755
12.65 3599486
12.66 3596723
12.67 3599939
12.68 3595026
12.69 3597926
12.70 3599358
12.71 3602011
12.72 3604527
12.73 3599937
12.74 3600242
12.75 3597527
12.76 3604637
12.77 3609727
12.78 3605965
12.79 3605508
12.80 3603389
12.81 3607715
12.82 3605039
12.83 3608284
12.84 3609740
12.85 3608219
12.86 3605568
12.87 3608255
12.88 3610723
12.89 3610838
12.90 3613465
12.91 3610659
12.92 3613561
12.93 3612507
12.94 3612657
12.95 3617573
12.96 3614606
12.97 3613984
12.98 3615511
12.99 3615882
13.00 3611867
13.01 3619046
13.02 3619009
13.03 3618796
13.04 3619161
13.05 3619090
13.06 3620711
13.07 3617553
13.08 3619670
13.09 3618652
13.10 3619836
13.11 3621194
13.12 3620044
13.13 3624027
13.14 3621393
13.15 3621205
13.16 3622580
13.17 3625579
13.18 3621795
13.19 3619731
13.20 3626556
13.21 3622774
13.22 3624298
13.23 3622105
13.24 3624804
13.25 3623685
13.26 3626023
13.27 3624070
13.28 3625165
13.29 3625676
13.30 3625510
13.31 3621517
13.32 3629674
13.33 3627302
13.34 3624803
13.35 3625214
13.36 3625746
13.37 3621196
13.38 3627799
13.39 3623500
13.40 3626971
13.41 3625756
13.42 3627321
13.43 3626810
13.44 3627236
13.45 3627113
13.46 3628173
13.47 3626468
13.48 3627103
13.49 3629888
13.50 3626984
13.51 3624767
13.52 3627360
13.53 3626432
13.54 3628667
13.55 3632602
13.56 3625474
13.57 3626220
13.58 3626165
13.59 3630054
13.60 3626318
13.61 3625850
13.62 3624651
13.63 3623443
13.64 3625272
13.65 3624568
13.66 3627499
13.67 3624707
13.68 3626388
13.69 3626320
13.70 3626396
13.71 3627149
13.72 3620840
13.73 3623041
13.74 3629397
13.75 3623114
13.76 3622323
13.77 3624627
13.78 3626474
13.79 3623960
13.80 3625315
13.81 3625481
13.82 3625858
13.83 3624310
13.84 3623461
13.85 3619128
13.86 3623002
13.87 3619092
13.88 3622579
13.89 3620685
13.90 3619464
13.91 3618347
13.92 3618998
13.93 3617498
13.94 3619421
13.95 3619423
13.96 3618444
13.97 3616379
13.98 3616906
13.99 3614725
14.00 3614498
14.01 3612769
14.02 3614728
14.03 3615271
14.04 3613162
14.05 3613846
14.06 3617110
14.07 3612731
14.08 3611446
14.09 3611926
14.10 3608747
14.11 3614947
14.12 3611269
14.13 3608780
14.14 3608382
14.15 3608687
14.16 3610804
14.17 3606238
14.18 3605477
14.19 3608761
14.20 3605869
14.21 3604452
14.22 3602477
14.23 3607385
14.24 3602128
14.25 3601800
14.26 3600875
14.27 3599929
14.28 3600405
14.29 3600134
14.30 3598840
14.31 3596623
14.32 3598256
14.33 3597166
14.34 3597251
14.35 3595242
14.36 3591175
14.37 3596066
14.38 3593887
14.39 3592308
14.40 3588019
14.41 3590932
14.42 3586877
14.43 3589846
14.44 3589353
14.45 3587553
14.46 3590109
14.47 3582536
14.48 3586576
14.49 3586560
14.50 3587055
14.51 3582129
14.52 3580593
14.53 3581838
14.54 3581730
14.55 3580125
14.56 3580984
14.57 3575599
14.58 3571360
14.59 3575153
14.60 3574847
14.61 3575979
14.62 3572662
14.63 3573921
14.64 3568816
14.65 3570100
14.66 3567721
14.67 3564293
14.68 3569444
14.69 3566328
14.70 3565097
14.71 3564769
14.72 3563696
14.73 3562605
14.74 3563602
14.75 3558487
14.76 3559722
14.77 3556895
14.78 3558219
14.79 3554723
14.80 3556385
14.81 3549972
14.82 3551371
14.83 3550625
14.84 3547874
14.85 3548015
14.86 3546778
14.87 3548456
14.88 3543901
14.89 3543093
14.90 3540956
14.91 3542206
14.92 3539824
14.93 3539071
14.94 3535424
14.95 3536168
14.96 3535111
14.97 3530831
14.98 3528878
14.99 3533356
15.00 3527653
15.01 3523280
15.02 3524992
15.03 3523618
15.04 3524192
15.05 3519668
15.06 3519809
15.07 3519401
15.08 3520447
15.09 3518082
15.10 3518660
15.11 3517229
15.12 3511558
15.13 3516069
15.14 3509827
15.15 3508394
15.16 3508970
15.17 3504865
15.18 3507920
15.19 3500724
15.20 3499067
15.21 3500216
15.22 3496217
15.23 3497888
15.24 3496063
15.25 3490348
15.26 3491736
15.27 3486834
15.28 3488494
15.29 3486760
15.30 3487187
15.31 3483666
15.32 3483577
15.33 3481978
15.34 3479990
15.35 3480606
15.36 3477222
15.37 3476200
15.38 3473211
15.39 3471013
15.40 3467450
15.41 3465561
15.42 3466069
15.43 3462459
15.44 3465378
15.45 3462443
15.46 3458952
15.47 3460637
15.48 3454396
15.49 3455755
15.50 3451523
15.51 3449776
15.52 3446895
15.53 3447357
15.54 3445444
15.55 3443296
15.56 3441852
15.57 3437937
15.58 3436588
15.59 3436102
15.60 3436395
15.61 3432835
15.62 3432301
15.63 3428154
15.64 3424393
15.65 3426919
15.66 3422655
15.67 3417650
15.68 3418349
15.69 3414813
15.70 3415151
15.71 3412989
15.72 3412585
15.73 3412936
15.74 3407738
15.75 3404867
15.76 3404246
15.77 3400869
15.78 3401215
15.79 3394250
15.80 3400180
15.81 3395222
15.82 3394662
15.83 3392759
15.84 3388742
15.85 3383632
15.86 3382738
15.87 3381489
15.88 3379892
15.89 3374320
15.90 3375082
15.91 3373728
15.92 3368204
15.93 3367093
15.94 3365644
15.95 3365026
15.96 3364237
15.97 3355440
15.98 3357491
15.99 3355963
16.00 3351143
16.01 3352597
16.02 3347581
16.03 3350213
16.04 3344161
16.05 3344085
16.06 3339880
16.07 3337549
16.08 3335663
16.09 3331627
16.10 3333521
16.11 3331317
16.12 3323949
16.13 3325159
16.14 3322614
16.15 3319346
16.16 3316682
16.17 3315737
16.18 3312850
16.19 3310856
16.20 3308146
16.21 3304834
16.22 3306467
16.23 3298404
16.24 3295021
16.25 3298144
16.26 3292666
16.27 3289850
16.28 3288664
16.29 3285929
16.30 3283137
16.31 3281926
16.32 3276001
16.33 3277924
16.34 3274582
16.35 3273057
16.36 3272046
16.37 3268247
16.38 3264383
16.39 3258807
16.40 3258996
16.41 3255728
16.42 3255038
16.43 3249953
16.44 3251231
16.45 3245210
16.46 3243330
16.47 3240616
16.48 3239278
16.49 3236503
16.50 3232603
16.51 3224383
16.52 3229671
16.53 3226170
16.54 3217200
16.55 3220242
16.56 3215701
16.57 3212952
16.58 3211231
16.59 3207750
16.60 3207328
16.61 3205117
16.62 3201293
16.63 3199604
16.64 3195066
16.65 3194397
16.66 3191196
16.67 3189157
16.68 3182620
16.69 3180203
16.70 3178069
16.71 3172620
16.72 3172158
16.73 3172663
16.74 3168112
16.75 3162265
16.76 3161992
16.77 3158183
16.78 3156991
16.79 3149237
16.80 3148515
16.81 3146091
16.82 3142917
16.83 3139702
16.84 3139498
16.85 3134915
16.86 3131275
16.87 3129189
16.88 3123468
16.89 3128317
16.90 3124446
16.91 3117440
16.92 3112542
16.93 3110891
16.94 3106472
16.95 3105498
16.96 3102138
16.97 3098037
16.98 3094840
16.99 3090615
17.00 3092211
17.01 3086549
17.02 3084848
17.03 3080060
17.04 3075094
17.05 3073018
17.06 3068861
17.07 3064403
17.08 3067148
17.09 3063489
17.10 3060403
17.11 3055739
17.12 3051021
17.13 3050350
17.14 3047732
17.15 3045796
17.16 3038284
17.17 3039415
17.18 3031146
17.19 3031085
17.20 3026683
17.21 3022391
17.22 3021569
17.23 3016598
17.24 3014417
17.25 3010497
17.26 3004883
17.27 3005798
17.28 3001859
17.29 2996635
17.30 2994148
17.31 2991350
17.32 2987189
17.33 2985792
17.34 2981167
17.35 2977551
17.36 2974193
17.37 2971051
17.38 2967148
17.39 2965150
17.40 2959528
17.41 2956645
17.42 2953833
17.43 2950457
17.44 2943891
17.45 2946222
17.46 2941110
17.47 2936461
17.48 2931963
17.49 2927909
17.50 2925112
17.51 2919828
17.52 2920010
17.53 2914982
17.54 2914143
17.55 2909047
17.56 2905709
17.57 2901338
17.58 2897049
17.59 2894770
17.60 2888172
17.61 2885425
17.62 2880281
17.63 2879677
17.64 2872995
17.65 2868478
17.66 2867377
17.67 2865965
17.68 2858345
17.69 2859070
17.70 2855791
17.71 2849179
17.72 2846535
17.73 2838795
17.74 2839514
17.75 2830740
17.76 2830330
17.77 2828879
17.78 2823964
17.79 2819747
17.80 2817838
17.81 2811670
17.82 2807903
17.83 2804184
17.84 2800247
17.85 2798804
17.86 2792154
17.87 2788360
17.88 2782330
17.89 2780840
17.90 2777565
17.91 2775646
17.92 2770180
17.93 2763195
17.94 2762333
17.95 2755489
17.96 2753696
17.97 2749757
17.98 2745937
17.99 2743070
18.00 2739921
18.01 2731723
18.02 2730461
18.03 2725899
18.04 2724033
18.05 2717753
18.06 2713509
18.07 2710468
18.08 2706729
18.09 2702454
18.10 2699453
18.11 2694277
18.12 2693110
18.13 2684908
18.14 2680743
18.15 2679957
18.16 2675454
18.17 2671849
18.18 2667274
18.19 2661674
18.20 2660430
18.21 2651988
18.22 2650805
18.23 2645207
18.24 2644811
18.25 2637616
18.26 2630834
18.27 2631488
18.28 2627923
18.29 2622645
18.30 2612829
18.31 2614463
18.32 2609028
18.33 2604092
18.34 2598834
18.35 2594973
18.36 2587044
18.37 2586404
18.38 2583475
18.39 2580557
18.40 2571350
18.41 2569915
18.42 2565082
18.43 2562298
18.44 2558313
18.45 2555201
18.46 2550057
18.47 2545925
18.48 2537794
18.49 2534570
18.50 2528713
18.51 2526301
18.52 2524883
18.53 2516568
18.54 2510951
18.55 2509972
18.56 2503947
18.57 2499215
18.58 2496976
18.59 2488338
18.60 2484406
18.61 2486916
18.62 2477804
18.63 2474933
18.64 2470267
18.65 2463648
18.66 2461416
18.67 2455700
18.68 2450766
18.69 2446154
18.70 2442680
18.71 2439194
18.72 2431383
18.73 2425284
18.74 2426389
18.75 2419305
18.76 2415916
18.77 2411340
18.78 2406250
18.79 2399820
18.80 2397009
18.81 2391977
18.82 2386905
18.83 2383836
18.84 2378340
18.85 2375178
18.86 2366798
18.87 2363368
18.88 2360683
18.89 2358192
18.90 2350515
18.91 2345878
18.92 2340612
18.93 2335887
18.94 2332085
18.95 2328322
18.96 2323146
18.97 2314683
18.98 2313863
18.99 2308704
19.00 2301596
19.01 2298285
19.02 2295589
19.03 2291065
19.04 2284238
19.05 2280356
19.06 2275836
19.07 2272602
19.08 2263090
19.09 2258775
19.10 2253172
19.11 2248256
19.12 2246130
19.13 2242454
19.14 2237171
19.15 2229869
19.16 2226096
19.17 2224669
19.18 2216530
19.19 2215932
19.20 2207829
19.21 2204666
19.22 2197691
19.23 2191355
19.24 2185975
19.25 2182880
19.26 2177010
19.27 2174161
19.28 2167518
19.29 2162136
19.30 2156787
19.31 2152081
19.32 2150237
19.33 2142893
19.34 2135118
19.35 2131623
19.36 2126344
19.37 2124278
19.38 2113732
19.39 2114479
19.40 2104530
19.41 2100584
19.42 2096942
19.43 2092775
19.44 2085224
19.45 2083239
19.46 2078509
19.47 2069917
19.48 2065952
19.49 2061527
19.50 2057444
19.51 2050001
19.52 2043736
19.53 2040555
19.54 2034910
19.55 2028707
19.56 2022147
19.57 2019493
19.58 2015672
19.59 2008682
19.60 2003350
19.61 1999185
19.62 1992973
19.63 1988390
19.64 1985499
19.65 1979091
19.66 1971817
19.67 1965382
19.68 1961549
19.69 1957878
19.70 1951755
19.71 1947551
19.72 1938814
19.73 1932794
19.74 1932428
19.75 1927027
19.76 1919932
19.77 1914022
19.78 1907998
19.79 1900929
19.80 1897177
19.81 1893252
19.82 1890392
19.83 1880914
19.84 1875232
19.85 1873002
19.86 1866029
19.87 1860792
19.88 1854517
19.89 1850885
19.90 1842772
19.91 1837411
19.92 1832247
19.93 1827607
19.94 1824536
19.95 1817887
19.96 1810234
19.97 1806415
19.98 1799696
19.99 1793365
20.00 1788503
20.01 1783137
20.02 1778823
20.03 1771042
20.04 1767464
20.05 1764350
20.06 1756510
20.07 1750540
20.08 1744857
20.09 1739029
20.10 1735379
20.11 1730434
20.12 1724008
20.13 1719556
20.14 1714428
20.15 1706148
20.16 1700659
20.17 1696845
20.18 1690745
20.19 1689181
20.20 1681118
20.21 1674723
20.22 1669333
20.23 1665529
20.24 1662297
20.25 1656713
20.26 1648598
20.27 1644349
20.28 1641434
20.29 1634449
20.30 1630887
20.31 1624644
20.32 1619914
20.33 1612201
20.34 1609955
20.35 1603535
20.36 1599315
20.37 1593169
20.38 1589767
20.39 1581661
20.40 1578605
20.41 1572510
20.42 1566447
20.43 1563895
20.44 1558277
20.45 1554370
20.46 1550138
20.47 1544746
20.48 1539846
20.49 1533005
20.50 1532132
20.51 1524271
20.52 1517558
20.53 1515356
20.54 1508816
20.55 1504293
20.56 1498656
20.57 1494011
20.58 1491318
20.59 1485877
20.60 1481490
20.61 1476635
20.62 1469200
20.63 1468444
20.64 1462248
20.65 1457418
20.66 1450021
20.67 1446899
20.68 1441192
20.69 1438139
20.70 1434257
20.71 1428650
20.72 1425045
20.73 1420994
20.74 1415700
20.75 1412197
20.76 1404457
20.77 1401151
20.78 1397575
20.79 1389646
20.80 1388271
20.81 1382848
20.82 1375631
20.83 1371985
20.84 1369471
20.85 1365776
20.86 1360082
20.87 1355121
20.88 1350362
20.89 1348344
20.90 1341340
20.91 1338681
20.92 1330200
20.93 1329046
20.94 1325855
20.95 1319704
20.96 1315453
20.97 1307650
20.98 1308489
20.99 1301279
21.00 1298615
21.01 1293364
21.02 1287791
21.03 1286661
21.04 1279388
21.05 1277846
21.06 1270532
21.07 1267773
21.08 1260879
21.09 1261000
21.10 1256051
21.11 1251577
21.12 1246825
21.13 1242884
21.14 1239345
21.15 1233122
21.16 1229755
21.17 1224638
21.18 1220450
21.19 1217514
21.20 1213531
21.21 1208763
21.22 1203734
21.23 1199307
21.24 1195405
21.25 1191398
21.26 1188696
21.27 1184532
21.28 1180211
21.29 1176463
21.30 1170191
21.31 1167594
21.32 1163315
21.33 1159627
21.34 1155211
21.35 1151425
21.36 1146988
21.37 1142253
21.38 1139046
21.39 1134408
21.40 1130691
21.41 1127307
21.42 1125148
21.43 1120577
21.44 1116445
21.45 1113255
21.46 1106541
21.47 1104226
21.48 1099697
21.49 1094537
21.50 1092926
21.51 1086577
21.52 1085315
21.53 1080487
21.54 1076039
21.55 1072083
21.56 1069441
21.57 1062740
21.58 1059887
21.59 1057861
21.60 1051799
21.61 1050533
21.62 1045560
21.63 1041223
21.64 1038577
21.65 1034896
21.66 1031815
21.67 1026926
21.68 1022744
21.69 1019250
21.70 1015465
21.71 1013179
21.72 1009034
21.73 1005840
21.74 1002158
21.75 998869
21.76 994145
21.77 990932
21.78 988640
21.79 983483
21.80 981857
21.81 974875
21.82 972646
21.83 969612
21.84 966367
21.85 962259
21.86 957405
21.87 953882
21.88 950953
21.89 948309
21.90 945034
21.91 940993
21.92 936906
21.93 933898
21.94 930225
21.95 925356
21.96 923988
21.97 918380
21.98 916395
21.99 911104
22.00 908602
22.01 907400
22.02 903230
22.03 899523
22.04 897064
22.05 890873
22.06 888230
22.07 886267
22.08 882216
22.09 879415
22.10 875461
22.11 873184
22.12 868676
22.13 865127
22.14 863074
22.15 859684
22.16 856331
22.17 852252
22.18 850647
22.19 846820
22.20 840680
22.21 838734
22.22 836007
22.23 832010
22.24 830027
22.25 824921
22.26 823007
22.27 818379
22.28 817515
22.29 813869
22.30 809489
22.31 807999
22.32 804885
22.33 801218
22.34 796381
22.35 795344
22.36 789834
22.37 787019
22.38 786111
22.39 780717
22.40 777605
22.41 775616
22.42 772606
22.43 770786
22.44 766443
22.45 765184
22.46 760568
22.47 757526
22.48 754165
22.49 752119
22.50 749541
22.51 744303
22.52 741523
22.53 740961
22.54 737260
22.55 733494
22.56 731255
22.57 727775
22.58 723132
22.59 722086
22.60 718429
22.61 716059
22.62 712103
22.63 710194
22.64 706790
22.65 704470
22.66 701052
22.67 699105
22.68 695635
22.69 692814
22.70 690746
22.71 688190
22.72 685356
22.73 681483
22.74 680041
22.75 674822
22.76 672026
22.77 670429
22.78 667019
22.79 665906
22.80 662558
22.81 658861
22.82 656850
22.83 652966
22.84 651286
22.85 648508
22.86 645082
22.87 641064
22.88 641090
22.89 637369
22.90 633477
22.91 631988
22.92 627662
22.93 623792
22.94 623478
22.95 620834
22.96 618437
22.97 616540
22.98 613115
22.99 610625
23.00 608431
23.01 605853
23.02 603739
23.03 601188
23.04 596476
23.05 594977
23.06 591232
23.07 588405
23.08 585659
23.09 584058
23.10 581139
23.11 579638
23.12 577207
23.13 574398
23.14 573145
23.15 568266
23.16 567607
23.17 564712
23.18 562582
23.19 559726
23.20 555831
23.21 554892
23.22 552693
23.23 549952
23.24 546171
23.25 546233
23.26 543322
23.27 539709
23.28 538013
23.29 535614
23.30 533295
23.31 530511
23.32 527264
23.33 524562
23.34 523315
23.35 520356
23.36 519181
23.37 516132
23.38 514058
23.39 511955
23.40 509461
23.41 507199
23.42 504472
23.43 501573
23.44 499651
23.45 497732
23.46 494794
23.47 494222
23.48 492044
23.49 487946
23.50 485482
23.51 483540
23.52 481692
23.53 480317
23.54 478520
23.55 475177
23.56 473195
23.57 469927
23.58 469234
23.59 466172
23.60 464586
23.61 462541
23.62 460589
23.63 457575
23.64 456043
23.65 453242
23.66 451443
23.67 449961
23.68 447591
23.69 445009
23.70 442870
23.71 439870
23.72 437090
23.73 437279
23.74 435053
23.75 431934
23.76 430478
23.77 428577
23.78 425121
23.79 424427
23.80 421699
23.81 419654
23.82 418493
23.83 415427
23.84 414537
23.85 412110
23.86 409555
23.87 407747
23.88 405864
23.89 403889
23.90 401460
23.91 398917
23.92 397578
23.93 395950
23.94 394605
23.95 393242
23.96 391166
23.97 388406
23.98 386539
23.99 383867
24.00 383069
24.01 379944
24.02 378258
24.03 378376
24.04 375217
24.05 372891
24.06 370937
24.07 368771
24.08 367897
24.09 365225
24.10 364826
24.11 361636
24.12 359473
24.13 357882
24.14 356603
24.15 355085
24.16 353391
24.17 351458
24.18 349339
24.19 348113
24.20 345752
24.21 343534
24.22 342401
24.23 340859
24.24 338242
24.25 337243
24.26 335663
24.27 334691
24.28 330802
24.29 330459
24.30 328028
24.31 326466
24.32 325092
24.33 323445
24.34 320759
24.35 320040
24.36 318043
24.37 317096
24.38 314004
24.39 314048
24.40 310323
24.41 310901
24.42 307650
24.43 306944
24.44 304941
24.45 303095
24.46 301469
24.47 299070
24.48 298070
24.49 297338
24.50 295909
24.51 293753
24.52 293199
24.53 290718
24.54 289706
24.55 287524
24.56 286199
24.57 284104
24.58 281906
24.59 281288
24.60 279965
24.61 278393
24.62 276448
24.63 275609
24.64 273724
24.65 271477
24.66 270711
24.67 269636
24.68 267544
24.69 266015
24.70 264899
24.71 263162
24.72 262528
24.73 259719
24.74 259307
24.75 257268
24.76 255829
24.77 254414
24.78 253363
24.79 251532
24.80 250048
24.81 248661
24.82 247515
24.83 246134
24.84 244769
24.85 243813
24.86 241688
24.87 240424
24.88 239650
24.89 237586
24.90 235706
24.91 235653
24.92 233427
24.93 232053
24.94 231188
24.95 230289
24.96 228219
24.97 227934
24.98 225972
24.99 223773
25.00 223129
25.01 221823
25.02 220579
25.03 219449
25.04 217727
25.05 216577
25.06 215008
25.07 213898
25.08 211702
25.09 211852
25.10 210495
25.11 209426
25.12 207786
25.13 206472
25.14 205871
25.15 204713
25.16 202681
25.17 201873
25.18 200277
25.19 199435
25.20 198326
25.21 196470
25.22 195849
25.23 195591
25.24 193291
25.25 192524
25.26 191161
25.27 191087
25.28 188907
25.29 188150
25.30 185470
25.31 185300
25.32 184237
25.33 183156
25.34 181229
25.35 180603
25.36 179331
25.37 178542
25.38 176999
25.39 176473
25.40 175445
25.41 174318
25.42 172604
25.43 171094
25.44 170860
25.45 170026
25.46 169161
25.47 168277
25.48 167058
25.49 166256
25.50 164931
25.51 163528
25.52 162467
25.53 162033
25.54 160869
25.55 159553
25.56 158575
25.57 157837
25.58 156150
25.59 155652
25.60 154690
25.61 153843
25.62 152556
25.63 151179
25.64 151439
25.65 149145
25.66 148666
25.67 147686
25.68 147078
25.69 145484
25.70 144916
25.71 143966
25.72 142925
25.73 142253
25.74 141242
25.75 140116
25.76 139565
25.77 138253
25.78 137127
25.79 136838
25.80 135348
25.81 134447
25.82 133946
25.83 132853
25.84 131653
25.85 130822
25.86 129664
25.87 129183
25.88 129100
25.89 127985
25.90 126799
25.91 126172
25.92 124677
25.93 124309
25.94 123567
25.95 122619
25.96 121711
25.97 120962
25.98 121229
25.99 119946
26.00 118133
26.01 118291
26.02 117290
26.03 115255
26.04 114871
26.05 114274
26.06 114024
26.07 112500
26.08 111860
26.09 111091
26.10 110464
26.11 110207
26.12 109357
26.13 108489
26.14 107422
26.15 106508
26.16 105760
26.17 104684
26.18 104377
26.19 103846
26.20 103179
26.21 102422
26.22 101432
26.23 101542
26.24 100082
26.25 99461
26.26 98199
26.27 98108
26.28 97428
26.29 96181
26.30 95824
26.31 95205
26.32 94329
26.33 93842
26.34 92725
26.35 92491
26.36 91963
26.37 91057
26.38 90550
26.39 90474
26.40 89712
26.41 88224
26.42 87966
26.43 87223
26.44 86606
26.45 86243
26.46 85200
26.47 84395
26.48 84591
26.49 83478
26.50 82864
26.51 82202
26.52 81400
26.53 80818
26.54 80205
26.55 79930
26.56 79644
26.57 78661
26.58 77921
26.59 77453
26.60 76522
26.61 76270
26.62 75696
26.63 75402
26.64 74373
26.65 73677
26.66 73533
26.67 72620
26.68 72709
26.69 72217
26.70 71011
26.71 70425
26.72 70222
26.73 69705
26.74 69007
26.75 68450
26.76 67705
26.77 67305
26.78 66969
26.79 65786
26.80 65923
26.81 65261
26.82 64913
26.83 64278
26.84 63854
26.85 63099
26.86 62915
26.87 62506
26.88 61814
26.89 61689
26.90 61526
26.91 60014
26.92 60261
26.93 59594
26.94 58952
26.95 58396
26.96 58094
26.97 57729
26.98 56758
26.99 56684
27.00 56169
27.01 55734
27.02 55274
27.03 55390
27.04 54347
27.05 54173
27.06 53302
27.07 53184
27.08 52597
27.09 52315
27.10 51866
27.11 51888
27.12 51326
27.13 50783
27.14 50392
27.15 50124
27.16 49508
27.17 49207
27.18 48602
27.19 48424
27.20 48113
27.21 47450
27.22 47455
27.23 46848
27.24 46299
27.25 46283
27.26 45827
27.27 45479
27.28 45183
27.29 45015
27.30 44168
27.31 43703
27.32 42854
27.33 43159
27.34 42270
27.35 42539
27.36 41912
27.37 41603
27.38 41510
27.39 41347
27.40 40800
27.41 39947
27.42 40411
27.43 39771
27.44 39346
27.45 39002
27.46 38462
27.47 38427
27.48 38279
27.49 37637
27.50 37552
27.51 37059
27.52 36731
27.53 36637
27.54 36279
27.55 35863
27.56 35375
27.57 35276
27.58 34685
27.59 34786
27.60 34243
27.61 33937
27.62 33761
27.63 33378
27.64 33055
27.65 32801
27.66 32894
27.67 32366
27.68 32323
27.69 31316
27.70 31716
27.71 31378
27.72 31210
27.73 30714
27.74 30368
27.75 30491
27.76 30013
27.77 29519
27.78 29664
27.79 29069
27.80 28822
27.81 28774
27.82 28178
27.83 28420
27.84 27751
27.85 27647
27.86 27148
27.87 27606
27.88 27412
27.89 27180
27.90 26429
27.91 26246
27.92 26017
27.93 25573
27.94 25505
27.95 25498
27.96 25183
27.97 24711
27.98 24901
27.99 24263
28.00 24498
28.01 23667
28.02 24144
28.03 23726
28.04 23658
28.05 23426
28.06 23289
28.07 23015
28.08 22661
28.09 22540
28.10 22313
28.11 22300
28.12 22002
28.13 21765
28.14 21347
28.15 21104
28.16 21252
28.17 20872
28.18 20651
28.19 20701
28.20 20344
28.21 20183
28.22 19882
28.23 19768
28.24 19587
28.25 19533
28.26 19395
28.27 19298
28.28 19027
28.29 19003
28.30 18684
28.31 18392
28.32 18330
28.33 17981
28.34 17964
28.35 17750
28.36 17443
28.37 17590
28.38 17444
28.39 17194
28.40 17185
28.41 16946
28.42 16798
28.43 16821
28.44 16437
28.45 16271
28.46 16263
28.47 16406
28.48 16003
28.49 15710
28.50 15632
28.51 15632
28.52 14919
28.53 15448
28.54 15145
28.55 15103
28.56 14743
28.57 14715
28.58 14395
28.59 14374
28.60 14418
28.61 14067
28.62 14019
28.63 13844
28.64 13425
28.65 13538
28.66 13317
28.67 13212
28.68 13067
28.69 13099
28.70 12841
28.71 12900
28.72 12686
28.73 12610
28.74 12437
28.75 12374
28.76 12158
28.77 12116
28.78 12038
28.79 11763
28.80 11995
28.81 11755
28.82 11570
28.83 11503
28.84 11363
28.85 11219
28.86 11151
28.87 10890
28.88 11109
28.89 10878
28.90 10801
28.91 10557
28.92 10546
28.93 10487
28.94 10176
28.95 10253
28.96 10098
28.97 10102
28.98 9905
28.99 9871
29.00 9675
29.01 9569
29.02 9456
29.03 9334
29.04 9368
29.05 9304
29.06 9075
29.07 9188
29.08 9104
29.09 8883
29.10 8841
29.11 8795
29.12 8717
29.13 8443
29.14 8411
29.15 8366
29.16 8438
29.17 8285
29.18 8128
29.19 8072
29.20 7944
29.21 7933
29.22 7637
29.23 7697
29.24 7604
29.25 7636
29.26 7433
29.27 7485
29.28 7607
29.29 7166
29.30 7233
29.31 7014
29.32 7180
29.33 7003
29.34 6984
29.35 6851
29.36 6766
29.37 6686
29.38 6716
29.39 6769
29.40 6463
29.41 6300
29.42 6543
29.43 6409
29.44 6259
29.45 6126
29.46 6146
29.47 5962
29.48 6102
29.49 5801
29.50 5932
29.51 5740
29.52 5662
29.53 5751
29.54 5546
29.55 5545
29.56 5574
29.57 5447
29.58 5277
29.59 5286
29.60 5323
29.61 5269
29.62 5317
29.63 5066
29.64 5024
29.65 4929
29.66 4827
29.67 4893
29.68 4846
29.69 4828
29.70 4587
29.71 4579
29.72 4488
29.73 4461
29.74 4512
29.75 4476
29.76 4474
29.77 4396
29.78 4281
29.79 4293
29.80 4352
29.81 4127
29.82 4143
29.83 4056
29.84 4016
29.85 4005
29.86 3895
29.87 3987
29.88 3861
29.89 3741
29.90 3870
29.91 3802
29.92 3731
29.93 3651
29.94 3658
29.95 3634
29.96 3573
29.97 3506
29.98 3399
29.99 3415
30.00 3336
30.01 3405
30.02 3216
30.03 3271
30.04 3211
30.05 3135
30.06 3051
30.07 3038
30.08 3027
30.09 3056
30.10 2930
30.11 2918
30.12 2861
30.13 2898
30.14 2811
30.15 2756
30.16 2779
30.17 2713
30.18 2733
30.19 2712
30.20 2772
30.21 2684
30.22 2584
30.23 2550
30.24 2471
30.25 2595
30.26 2450
30.27 2487
30.28 2427
30.29 2362
30.30 2258
30.31 2289
30.32 2273
30.33 2278
30.34 2219
30.35 2231
30.36 2099
30.37 2257
30.38 2060
30.39 2140
30.40 2044
30.41 2080
30.42 2014
30.43 2032
30.44 1976
30.45 1927
30.46 1923
30.47 1826
30.48 1827
30.49 1808
30.50 1822
30.51 1816
30.52 1780
30.53 1728
30.54 1768
30.55 1638
30.56 1629
30.57 1634
30.58 1520
30.59 1602
30.60 1552
30.61 1559
30.62 1514
30.63 1513
30.64 1481
30.65 1553
30.66 1479
30.67 1467
30.68 1450
30.69 1347
30.70 1395
30.71 1414
30.72 1392
30.73 1295
30.74 1312
30.75 1268
30.76 1309
30.77 1209
30.78 1196
30.79 1276
30.80 1211
30.81 1175
30.82 1182
30.83 1167
30.84 1138
30.85 1117
30.86 1103
30.87 1105
30.88 1060
30.89 986
30.90 1001
30.91 1029
30.92 1050
30.93 975
30.94 1001
30.95 920
30.96 976
30.97 947
30.98 951
30.99 875
31.00 892
31.01 854
31.02 891
31.03 873
31.04 851
31.05 827
31.06 806
31.07 765
31.08 816
31.09 830
31.10 805
31.11 820
31.12 720
31.13 738
31.14 758
31.15 728
31.16 702
31.17 759
31.18 685
31.19 686
31.20 658
31.21 676
31.22 691
31.23 654
31.24 630
31.25 627
31.26 603
31.27 600
31.28 602
31.29 565
31.30 545
31.31 512
31.32 533
31.33 537
31.34 562
31.35 540
31.36 568
31.37 511
31.38 515
31.39 470
31.40 475
31.41 430
31.42 456
31.43 481
31.44 440
31.45 458
31.46 428
31.47 402
31.48 430
31.49 432
31.50 426
31.51 437
31.52 404
31.53 401
31.54 408
31.55 374
31.56 349
31.57 344
31.58 396
31.59 367
31.60 346
31.61 326
31.62 355
31.63 296
31.64 312
31.65 280
31.66 298
31.67 315
31.68 299
31.69 301
31.70 299
31.71 273
31.72 269
31.73 265
31.74 262
31.75 251
31.76 238
31.77 230
31.78 230
31.79 219
31.80 242
31.81 218
31.82 227
31.83 231
31.84 229
31.85 190
31.86 220
31.87 216
31.88 188
31.89 207
31.90 210
31.91 208
31.92 190
31.93 168
31.94 176
31.95 196
31.96 192
31.97 183
31.98 169
31.99 134
32.00 160
32.01 160
32.02 163
32.03 161
32.04 157
32.05 149
32.06 127
32.07 157
32.08 110
32.09 119
32.10 111
32.11 124
32.12 123
32.13 123
32.14 107
32.15 104
32.16 113
32.17 83
32.18 107
32.19 99
32.20 84
32.21 88
32.22 98
32.23 77
32.24 77
32.25 86
32.26 89
32.27 90
32.28 89
32.29 75
32.30 68
32.31 78
32.32 85
32.33 62
32.34 63
32.35 80
32.36 65
32.37 64
32.38 64
32.39 69
32.40 70
32.41 69
32.42 55
32.43 54
32.44 68
32.45 66
32.46 58
32.47 59
32.48 49
32.49 56
32.50 58
32.51 53
32.52 39
32.53 51
32.54 38
32.55 52
32.56 51
32.57 42
32.58 48
32.59 47
32.60 53
32.61 34
32.62 31
32.63 42
32.64 39
32.65 25
32.66 26
32.67 29
32.68 41
32.69 31
32.70 42
32.71 28
32.72 31
32.73 28
32.74 28
32.75 34
32.76 27
32.77 29
32.78 27
32.79 22
32.80 22
32.81 21
32.82 21
32.83 16
32.84 17
32.85 15
32.86 23
32.87 21
32.88 19
32.89 17
32.90 16
32.91 9
32.92 22
32.93 20
32.94 11
32.95 13
32.96 7
32.97 22
32.98 12
32.99 14
33.00 7
33.01 13
33.02 12
33.03 7
33.04 11
33.05 4
33.06 14
33.07 12
33.08 7
33.09 7
33.10 4
33.11 8
33.12 9
33.13 4
33.14 3
33.15 14
33.16 8
33.17 9
33.18 8
33.19 9
33.20 5
33.21 5
33.22 9
33.23 8
33.24 3
33.25 8
33.26 3
33.27 2
33.28 5
33.29 3
33.30 5
33.31 1
33.32 5
33.33 7
33.34 7
33.35 8
33.36 3
33.37 2
33.38 1
33.39 3
33.40 4
33.41 2
33.42 2
33.43 2
33.45 5
33.46 1
33.48 3
33.49 2
33.50 1
33.51 1
33.52 3
33.53 1
33.54 1
33.55 1
33.58 1
33.59 1
33.62 3
33.63 1
33.64 2
33.65 4
33.67 1
33.68 3
33.69 3
33.78 1
33.82 1
33.84 1
33.87 1
33.93 1
34.15 1
